9 174 700 1066 1181 1190
139 274 494 869 1159 1188
348 445 514 543 789 1025
479 597 699 1060 1062 1086
152 300 676 776 951 1050
321 327 436 766 1059 1088
11 114 575 790 1064 1135
51 181 255 461 807 1198
124 323 820 839 917 1062
136 158 214 802 1029 1067
279 872 988 1030 1180 1187
38 864 906 912 1051 1178
557 797 1060 1071 1103 1199
86 381 402 404 1122 1164
684 870 912 932 1016 1157
8 294 503 537 1007 1049
15 449 759 779 846 890
147 163 387 412 682 733
65 282 453 824 840 1162
283 293 771 877 1106 1165
334 458 621 1130 1134 1161
107 233 519 776 1041 1110
100 146 149 166 216 1059
471 580 896 955 1008 1117
638 737 967 1008 1057 1121
200 561 667 998 1066 1181
440 688 742 752 855 1199
43 151 292 848 884 1172
115 811 941 1087 1098 1189
713 716 762 885 1110 1190
252 350 824 996 1155 1168
284 837 845 1062 1165 1170
687 719 777 889 1102 1191
474 500 511 976 1022 1166
291 302 901 1002 1139 1151
58 156 861 1060 1111 1183
49 312 562 586 696 958
700 910 1021 1111 1158 1166
56 358 549 772 1040 1087
39 504 1043 1056 1113 1154
153 725 825 829 847 988
225 384 432 768 980 1103
420 670 861 895 905 952
258 416 698 767 1066 1100
360 417 510 774 1107 1178
37 207 330 522 1063 1197
220 416 465 567 770 1117
207 750 797 928 1099 1185
84 578 731 857 1084 1138
929 1055 1085 1157 1187 1194
540 558 1081 1115 1118 1126
118 990 1146 1150 1152 1190
281 506 751 920 1021 1081
85 594 958 1000 1101 1167
12 1063 1094 1105 1163 1182
457 575 817 1080 1130 1164
536 714 728 935 1047 1173
199 803 962 1045 1105 1141
353 509 587 629 1015 1198
446 551 625 1051 1119 1154
273 285 435 1014 1116 1168
487 1079 1085 1116 1119 1157
27 308 423 592 943 1108
27 407 450 972 1065 1163
196 272 370 593 948 1067
297 645 764 1064 1083 1165
35 340 544 709 1044 1079
47 590 969 986 1003 1187
437 535 974 1062 1100 1135
44 169 385 697 792 1129
206 707 736 744 951 1113
138 560 756 805 849 997
15 180 366 433 533 818
21 173 179 1071 1151 1193
392 446 496 565 790 1128
202 531 862 1123 1170 1186
273 357 520 558 603 1106
324 566 984 1138 1174 1193
33 59 397 756 878 912
443 916 1089 1124 1143 1157
281 603 837 886 1074 1120
44 695 831 887 924 992
92 345 793 862 983 1068
876 925 988 1074 1124 1192
502 581 712 940 965 1132
280 722 761 929 1058 1114
81 319 622 842 880 1129
309 449 464 971 1070 1195
77 242 957 961 981 1150
41 488 638 1023 1054 1181
130 133 674 1092 1094 1096
117 703 942 1019 1106 1116
174 554 791 940 1005 1157
138 143 754 757 1155 1196
512 701 795 931 1056 1075
57 740 777 1024 1124 1176
29 610 855 1127 1145 1169
64 585 639 870 1084 1189
396 412 457 469 1082 1155
40 433 523 539 905 947
518 1057 1150 1156 1159 1179
127 777 873 1082 1086 1089
351 504 888 990 1101 1132
63 245 540 1081 1133 1136
137 179 547 796 802 1007
173 467 672 898 1145 1195
318 418 547 849 911 985
55 108 669 793 960 1104
84 1099 1105 1165 1169 1194
751 817 827 983 1080 1125
91 243 489 1020 1115 1123
254 438 482 576 710 765
761 791 900 1058 1070 1126
203 623 634 648 1051 1159
812 854 867 959 1064 1143
420 435 593 749 991 1109
468 758 926 995 1101 1119
291 486 623 661 802 1014
554 856 955 1046 1137 1151
815 1068 1140 1161 1170 1186
95 339 866 883 1013 1085
104 234 460 475 1022 1162
14 95 1006 1091 1098 1179
189 846 849 1093 1113 1180
745 771 978 1003 1130 1146
54 304 400 1111 1159 1168
187 485 843 853 1049 1124
171 605 617 1009 1134 1197
361 470 737 1065 1188 1193
229 394 1022 1032 1094 1135
143 144 971 1063 1171 1186
276 508 758 1061 1160 1172
112 285 607 646 846 1098
157 183 1012 1131 1178 1195
155 270 832 1046 1160 1173
242 439 497 526 895 913
318 720 748 830 881 1082
243 627 672 758 934 1132
481 1043 1047 1103 1140 1154
286 527 641 1041 1116 1177
4 215 745 821 872 1149
83 938 949 1063 1128 1179
226 692 997 1118 1137 1164
87 461 1017 1052 1108 1148
224 253 564 747 969 1055
306 552 835 946 1113 1141
822 881 1068 1093
109 162 622 760 795 1073
287 787 860 1019 1172 1187
848 903 985 1130 1141 1174
24 190 339 767 839 1084
115 249 526 740 1049 1128
640 679 966 1005 1083 1085
369 856 984 1020 1039 1092
168 379 421 741 757 1083
217 348 753 922 1085 1147
709 1087 1093 1114 1136 1168
98 325 579 948 1097 1155
134 320 561 661 671 1039
197 336 390 947 1078 1114
781 1025 1073 1087 1155 1160
430 813 886 1028 1176 1185
25 119 431 838 951 1053
53 528 1055 1063 1079 1188
204 227 977 1077 1181 1195
399 688 812 1066 1090 1186
14 305 522 686 1160 1173
19 48 651 860 957 1091
113 317 371 472 1101 1193
591 775 810 859 926 1102
96 333 347 393 1011 1122
407 531 863 1023 1090 1200
378 512 845 870 1067 1163
167 403 813 851 902 1189
32 633 770 892 905 1152
60 851 998 1139 1176 1181
233 286 950 973 1062 1115
83 493 841 989 1137 1198
93 166 278 679 693 1113
12 473 580 855 1070 1077
18 131 200 588 829 1088
23 51 432 1053 1158 1174
121 475 805 1048 1134 1148
344 365 630 919 1139 1161
749 864 897 1050 1065 1143
476 590 636 1004 1122 1184
274 482 981 1098 1100 1192
72 535 701 933 1053 1134
276 315 660 854 1021 1108
525 551 694 742 1028 1119
52 264 989 1097 1151 1187
383 992 1099 1106 1125 1189
332 376 673 935 956 1068
261 647 801 837 945 1112
828 866 971 1099 1100 1112
22 234 425 732 1089 1127
549 646 874 927 950 1013
106 147 696 979 995 1040
2 18 40 264 465 1069
331 573 1095 1103 1189 1192
375 517 565 1109 1110 1170
37 196 403 722 917 1144
16 415 740 989 1191 1194
49 97 229 441 450 499
132 749 798 1038 1047 1179
395 444 1042 1091 1158 1193
374 453 693 782 800 907
600 817 959 1065 1076 1181
359 455 671 894 1029 1133
7 128 355 1006 1065 1135
42 358 443 877 934 1172
1 110 419 614 924 1189
406 775 1021 1127 1155 1170
169 182 314 756 790 1138
939 976 987 998 1041 1081
34 145 786 954 1020 1117
26 635 691 738 949 990
175 651 833 863 930 1078
122 277 841 881 1067 1167
184 785 823 978 1107 1131
113 478 697 1035 1093 1126
225 310 503 1027 1156 1167
259 675 779 1145 1176 1183
442 704 816 978 1011 1085
311 657 927 1018 1072 1141
30 170 292 392 1165 1185
227 539 813 978 1091 1093
62 165 900 1086 1154 1187
21 74 445 599 1054 1112
347 397 508 1011 1040 1160
552 620 681 882 1113 1174
219 299 307 604 891 1136
321 643 1003 1019 1131 1196
122 253 258 633 666 960
240 892 910 1054 1055 1096
161 205 429 586 659 1192
668 773 781 1103 1109 1118
79 90 211 267 818 1057
350 495 822 886 1074 1184
257 804 883 954 1120 1125
383 556 583 1059 1075 1191
77 542 637 694 836 1077
161 359 794 963 999 1107
235 277 410 755 901 1057
97 127 495 1076 1143 1190
783 853 928 937 1078 1121
536 772 1100 1115 1123 1154
78 289 868 994 1182 1194
776 783 1001 1050 1065 1177
116 198 505 753 774 1167
50 236 463 568 1080 1124
494 734 983 1088 1093 1102
511 618 734 772 985 1054
142 626 690 1102
88 171 490 609 911 1161
221 319 341 781 1105 1169
369 388 999 1121 1146 1187
356 773 1037 1080 1104 1160
210 329 505 1033 1065 1122
658 1057 1106 1142 1175 1184
132 491 1036 1059 1082 1183
79 634 919 931 1037 1162
73 278 411 566 1000 1052
82 398 705 873 918 968
137 211 739 893 945 1105
269 414 423 730 1059 1114
589 711 847 888 979 1053
702 705 1104 1159 1167 1191
36 303 305 338 831 856
261 545 687 852 1122 1171
597 624 680 992 1038 1069
189 252 884 994 1142 1182
20 209 515 550 1051 1084
266 365 528 653 1017 1153
236 430 619 1083 1095 1152
104 307 439 532 989 1123
142 185 1006 1051 1099 1129
13 25 834 892 908 1195
222 342 376 387 890 1162
73 89 188 592 738 1081
363 401 973 1109 1185 1188
68 1055 1076 1104 1126 1153
296 871 898 972 1027 1109
317 394 409 499 642 706
336 377 869 1053 1109 1125
100 121 429 784 1010 1132
107 126 799 946 1049 1142
368 408 825 864 1005 1018
230 326 546 729 997 1147
251 355 498 691 1049 1089
214 250 302 602 1101 1180
69 256 294 301 1136 1159
970 1072 1130 1136 1146 1162
800 982 1072 1084 1140 1179
177 489 616 676 765 1126
5 570 831 1067 1167 1171
181 300 311 518 748 1058
6 270 630 908 1088 1098
70 192 335 885 920 944
102 280 553 804 852 969
608 632 1096 1145 1179 1191
172 826 919 959 1116 1132
466 960 1062 1088 1120 1171
76 201 621 751 1131 1163
222 290 368 1110 1127 1157
148 218 877 888 1013 1033
542 662 750 1048 1149 1183
110 378 975 1061 1088 1185
298 595 760 840 1023 1198
344 502 706 1048 1104 1172
458 479 835 1075 1124 1190
367 389 391 1071 1108 1197
54 237 677 1069 1131 1170
795 1020 1058 1108 1128 1180
128 349 574 771 839 1127
59 64 739 823 1016 1092
71 81 491 548 899 1191
335 367 448 562 720 1136
135 530 811 865 1050 1186
601 664 755 848 1031 1164
334 395 878 942 1111 1171
548 801 1072 1102 1140 1172
17 182 768 833 894 972
103 240 766 941 980 1149
93 283 373 632 1149 1156
287 406 411 778 1149 1172
647 707 923 977 1086 1150
244 695 728 974 1054 1175
582 737 900 949 1092 1100
52 272 486 513 996 1084
2 62 199 625 964 1090
538 807 829 911 966 1001
47 158 995 1163 1164 1197
414 933 1008 1032 1082 1145
10 271 431 1036 1112 1169
293 364 426 529 612 1183
374 595 606 834 894 1198
58 165 537 1083 1103 1163
50 362 451 939 1162 1194
498 746 753 955 1179 1199
579 882 1029 1136 1150 1158
157 209 351 656 715 725
74 103 799 1075 1131 1138
188 631 1064 1069 1120 1126
105 266 361 932 1073 1078
529 738 1004 1031 1078 1090
6 67 82 909 1097 1195
168 530 879 981 993 1133
96 492 799 1005 1070 1144
30 624 806 1105 1142 1150
135 648 835 942 1109 1184
123 723 1096 1146 1148 1163
85 201 784 915 1026 1061
460 798 1047 1052 1095 1186
31 657 760 767 1105 1118
22 190 712 907 1138 1196
588 836 903 1063 1087 1135
13 303 926 966 1188 1192
232 673 821 860 1033 1119
250 366 452 553 1068 1184
546 752 868 986 1087 1141
60 650 1042 1044 1058 1177
92 164 308 991 1147 1200
172 219 467 826 1107 1142
212 220 513 718 1060 1077
459 559 1010 1076 1097 1186
354 915 975 977 1122 1156
637 663 920 921 1153 1164
192 296 328 332 1073 1158
76 375 598 937 1094 1163
442 923 961 1095 1137 1182
148 639 1030 1060 1106 1144
215 268 544 880 904 1074
35 193 262 1040 1080 1190
1 186 840 925 1114 1160
61 105 119 704 735 823
20 164 212 645 735 803
39 991 1087 1119 1177 1180
29 583 626 636 1056 1149
36 72 191 655 850 1064
34 126 417 1014 1114 1144
210 385 405 568 884 967
323 842 1008 1069 1171 1187
279 452 822 1024 1173 1178
8 218 251 896 1026 1189
109 401 769 1092 1141 1169
468 470 754 875 1018 1027
46 75 481 487 982 1074
328 352 371 422 1168 1200
524 534 910 1117 1127 1177
195 415 726 830 943 1168
343 382 814 922 932 1155
289 668 808 1034 1071 1156
456 930 1070 1086 1102 1197
956 1063 1099 1132 1133 1176
600 741 893 970 1068 1175
241 501 841 1012 1147 1149
244 248 483 604 640 684
238 711 819 996 1037 1058
90 538 1154 1178
337 683 950 1022 1196 1198
418 501 699 1006 1112 1186
584 689 858 1102 1114 1128
11 159 304 320 613 916
130 198 239 263 474 878
101 448 585 611 1151 1161
716 928 931 935 952 1056
309 545 850 967 982 1130
653 963 1096 1135 1178 1191
602 757 786 974 1127 1134
208 570 730 1048
515 702 792 1148 1175 1189
444 787 1033 1086 1104 1107
316 324 523 811 1002 1133
129 386 1027 1053 1088 1176
382 858 1081 1097 1153 1156
295 764 833 875 1044 1077
162 393 437 616 1044 1184
257 413 606 804 885 1048
353 514 930 1013 1106 1166
10 134 674 787 1004 1077
48 191 221 995 1034 1166
197 421 516 904 1052 1188
262 814 937 1083 1107 1123
322 743 792 797 809 844
314 543 596 677 1057 1170
390 836 1051 1061 1135 1173
7 184 381 466 571 1039
71 345 527 782 1026 1196
268 865 936 1064 1066 1152
63 98 111 559 690 1174
213 216 306 770 874 1024
150 665 785 1012 1095 1165
24 183 249 686 1180 1183
577 1031 1054 1079 1150 1164
5 572 584 851 1049 1093
80 667 780 889 1095 1139
4 9 427 796 891 1195
125 151 742 1035 1155 1184
23 67 413 572 1023 1197
152 194 557 938 963 1007
469 524 1001 1085 1143 1192
176 357 571 981 1001 1118
53 865 1101 1119 1152 1164
178 275 902 1067 1117 1175
31 399 488 743 1110 1162
140 389 519 976 1138 1177
246 451 563 998 1098 1152
106 649 784 810 1071 1079
205 564 573 820 1041 1047
349 788 893 1117
246 763 788 947 1142 1157
45 141 231 1060
3 26 340 842 927 1064
3 163 615 909 1038 1110
402 425 659 859 944 1050
94 267 325 958 985 1125
123 521 605 675 769 830
69 259 434 478 643 739
755 899 902 1076 1081 1181
91 337 555 1123 1129 1185
441 765 869 1002 1091 1131
208 455 821 891 1190 1196
330 342 525 1051 1076 1161
217 248 331 713 715 1098
627 844 1037 1072 1151 1159
87 144 520 732 980 1073
194 567 664 670 987 1025
159 477 649 780 1012 1017
42 125 154 825 1048 1200
223 594 845 921 993 1148
380 731 923 924 968 1036
66 907 1034 1111 1176 1180
556 614 620 718 944 1092
816 838 1079 1090 1148 1174
41 131 170 247 1096 1185
146 149 377 904 1010 1193
808 843 890 987 1128 1167
666 685 879 986 1152 1178
177 791 806 965 1004 1071
88 534 768 982 1147 1193
136 901 940 1158 1160 1194
405 678 714 1091 1095 1123
362 629 850 862 984 1059
112 297 388 868 1080 1111
231 803 936 1083 1182 1195
94 111 141 834 853 1110
346 354 581 1035 1175 1181
16 338 1002 1137 1153 1184
255 692 1055 1094 1121 1161
747 887 1032 1056 1118 1129
206 265 480 809 1066 1084
99 427 724 1046
295 662 680 873 945 954
154 228 773 786 1009 1134
310 857 874 917 1151 1154
422 591 610 1050 1072 1175
193 290 298 973 1080 1182
155 203 341 921 1076 1157
237 938 1003 1045 1177 1188
727 1094 1139 1148 1151 1162
195 655 933 1089 1125 1149
426 832 882 968 1182 1183
43 102 373 410 913 1122
356 615 729 953 1128 1178
364 490 510 812 1121 1190
116 327 483 914 1113 1115
260 577 612 685 1015 1173
226 750 820 1082 1101 1117
156 447 775 953 1000 1171
619 759 805 1061 1070 1092
78 733 956 1032 1082 1183
65 284 493 866 1039 1056
271 313 473 631 980 1154
33 38 75 516 628 1015
180 827 872 1014 1025 1139
447 459 477 589 962 1174
239 569 574 763 844 979
587 635 641 1043 1045 1134
118 847 1036 1042 1146 1177
683 708 899 1016 1077 1124
114 436 650 987 1028 1055
187 360 541 794 1139 1144
176 329 654 665 721 1089
89 175 391 774 986 1176
185 678 897 943 1099 1138
241 854 913 916 997 1140
232 269 315 409 727 898
204 663 778 992 1116 1145
386 438 484 934 1143 1198
322 400 785 1010 1073 1141
454 485 578 1120 1179 1198
596 925 1073 1142 1159 1194
698 1031 1035 1047 1133 1169
299 428 871 908 1089 1193
61 86 263 806 1090 1171
301 654 745 769 1126 1182
726 883 964 994 999 1090
313 789 807 861 1169 1188
282 809 964 1097 1108 1180
66 642 871 887 1024 1030
618 689 723 779 1061 1130
717 761 859 863 1042 1194
124 384 617 876 1104 1133
224 480 1054 1075 1161 1174
532 708 1057 1094 1140 1185
398 778 782 796 1050 1074
656 827 914 918 1007 1129
101 372 424 838 889 1026
440 476 798 867 988 994
117 396 743 867 1017 1056
254 462 819 993 1043 1053
408 560 582 746 762 984
644 652 903 979 1116 1196
703 897 906 957 1079 1147
129 380 484 563 843 1072
896 962 1011 1016 1108 1145
202 260 789 815 895 1192
599 875 1015 1115 1169 1173
57 492 507 747 810 970
45 766 852 915 946 1034
68 70 500 555 1069 1197
428 569 669 764 876 991
133 370 717 736 1000 1192
496 644 652 724 815 1107
140 352 541 819 1071 1156
434 454 721 762 788 1197
628 961 1061 1097 1172 1175
462 464 601 1078 1152 1153
288 404 741 793 929 1158
139 379 818 918 975 1069
312 780 1091 1100 1125 1156
120 145 343 983 1112 1150
521 914 993 1009 1148 1173
28 32 256 576 1146 1168
167 186 816 948 996 1103
223 235 275 509 550 1018
150 153 160 265 783 1168
245 681 763 800 939 1143
28 506 880 1030 1070 1170
517 660 736 754 824 832
247 472 710 719 794 1075
316 346 471 607 922 1074
936 953 1029 1046 1049 1112
326 609 826 909 1120 1153
333 608 801 1147 1158 1196
178 746 990 1058 1068 1129
463 497 759 1028 1075 1086
419 611 1059 1060
456 658 906 1115 1153 1191
46 424 1009 1066 1078 1121
19 120 160 238 1140 1167
288 858 999 1047 1067 1118
55 80 363 613 1062 1132
17 108 814 1045 1052 1120
213 533 752 857 952 1048
230 372 507 879 1111 1121
56 598 808 965 1019 1038
99 228 682 748 941 1096
