4 92 322 573 750 1157
112 964 1002 1024 1040 1196
155 225 249 1016 1117 1172
317 672 946 1041 1098 1137
84 120 915 1091 1096 1115
763 803 821 857 974 978
600 697 751 833 858 1143
57 64 596 726 1071 1195
563 631 810 995 1137 1192
76 499 542 767 870 1189
82 136 173 251 941 1104
337 429 646 676 683 1102
306 407 782 821 1159 1177
176 204 859 958 1043 1150
132 276 491 736 866 1107
201 341 930 1152 1174 1175
199 289 424 779 803 1159
579 589 719 816 842 1148
149 233 237 744 946 1183
113 188 588 973 1052 1076
97 534 795 948 1129 1156
420 586 623 997 1055 1120
292 897 912 1124 1193 1197
69 223 262 546 871 1064
163 728 769 1079 1108 1185
125 862 981 1051 1156 1189
574 897 987 1003 1034 1144
43 69 371 458 613 1070
17 452 977 1028 1125 1156
868 907 1053 1087 1163 1170
378 572 964 967 1154 1155
140 558 792 1056 1109 1113
474 856 1023 1068 1140 1192
229 383 703 817 1015 1159
779 829 933 961 1023 1140
660 732 789 875 1057 1159
376 783 887 915 1033 1133
385 388 610 695 804 853
277 377 756 841 986 1062
380 759 831 918 1179 1180
161 235 267 316 487 984
806 929 985 1010 1085 1154
286 290 1003 1117 1157 1163
96 662 857 871 895 1005
322 373 530 679 724 1127
312 628 694 817 1022 1116
126 461 745 1078 1132 1191
362 468 505 590 827 1100
23 221 241 482 569 597
51 933 953 1006 1013 1029
174 514 544 551 898 1177
368 673 741 995 1102 1177
19 192 271 1075 1113 1121
200 334 365 623 1067 1080
80 231 508 742 1006 1113
73 111 226 777 882 1143
146 360 527 766 1179 1180
72 274 473 533 596 1197
87 775 950 1080 1137 1138
18 296 616 759 847 1084
204 721 895 982 1069 1154
23 104 150 1130 1145 1197
198 313 388 464 874 991
187 567 609 810 966 1061
187 531 743 1009 1116 1142
67 489 807 978 1014 1086
151 433 847 854 1067 1068
45 285 627 979 1117 1191
364 382 402 791 986 1150
248 458 885 1024 1036 1163
644 1037 1084 1112 1131 1152
209 777 964 1019 1068 1194
529 757 906 1018 1119 1188
331 470 569 844 1093 1198
8 21 987 1097 1115 1122
490 560 772 930 1002 1158
369 411 560 1135 1178 1199
171 186 281 568 753 907
159 501 651 797 868 1092
85 162 945 963 1075 1100
29 260 367 841 1143 1176
39 44 97 885 1019 1198
241 453 465 749 804 823
397 930 953 968 1076 1186
38 778 831 898 1010 1145
748 778 936 1005 1047 1096
395 441 563 955 1140 1158
21 70 442 1151 1157 1182
269 389 768 867 902 947
310 801 999 1052 1061 1153
82 533 735 1047 1114 1157
110 336 340 795 796 822
259 301 514 547 1089 1149
785 810 1024 1072 1165 1177
156 597 922 977 1109 1179
77 535 748 806 1119 1155
264 293 302 920 1095 1125
246 395 421 517 881 1102
27 116 171 476 781 983
558 705 1018 1082 1139 1167
327 540 820 839 958 1086
659 677 917 982 1165 1180
121 329 538 699 1114 1170
167 492 824 1053 1079 1110
565 678 879 920 1023 1175
461 466 495 774 1163 1190
96 473 712 886 1077 1081
545 577 944 981 1118 1130
630 696 733 777 988 990
167 494 983 1004 1066 1111
254 272 373 763 1072 1074
2 410 656 808 1036 1082
389 753 786 962 1035 1103
60 105 667 676 789 978
302 432 556 640 1075 1173
81 217 843 1109 1144 1190
30 49 278 612 761 1039
130 251 392 616 943 1103
128 387 402 679 843 1138
48 318 770 913 999 1164
342 703 791 981 1052 1181
26 321 702 861 989 1136
277 716 732 828 1053 1172
26 284 370 919 1160 1185
60 823 840 1031 1131 1173
87 358 453 1128 1131 1148
119 629 737 911 1029 1063
222 311 442 760 832 1148
1028 1052 1150 1170 1194 1198
176 249 931 1081 1089 1129
384 499 791 1006 1159 1182
9 301 521 650 769 956
147 347 417 624 869 1079
12 65 480 513 1033 1128
127 161 409 639 1047 1145
557 894 903 1125 1153 1156
211 325 349 815 874 1124
93 417 493 944 1148 1160
181 278 986 1080 1109 1148
308 668 809 830 1088 1142
51 384 448 814 1062 1123
428 664 995 1075 1085 1087
380 392 1030 1039 1058 1098
31 261 315 699 1118 1190
288 883 936 1086 1117 1167
757 918 1035 1054 1137 1197
280 1033 1084 1109 1132 1134
63 924 985 989 1095 1158
398 652 784 1060 1064 1103
319 707 887 968 1083 1193
15 581 1055 1111 1147 1198
405 971 1001 1058 1074 1119
440 685 953 963 1114 1141
88 923 1071 1107 1159 1167
310 509 645 1084 1153 1173
224 365 559 617 642 1082
177 745 771 1010 1014 1100
541 642 813 1151 1174 1175
6 489 995 1077 1191 1195
643 651 697 1096 1099 1196
14 673 694 883 1090 1127
153 303 518 968 1143 1165
291 314 625 633 950 1169
188 472 712 1149
58 132 179 448 992 1091
746 856 861 1040 1073 1101
624 681 996 1001 1082 1094
346 475 738 772 797 998
49 1049 1070 1138 1152 1199
164 313 1067 1128 1129 1180
158 244 793 808 1026 1167
86 401 765 911 1126 1142
127 346 901 1023 1085 1093
851 1077 1082 1091 1107 1134
95 240 360 900 1175 1183
107 272 327 519 879 1020
467 789 1050 1170 1173 1175
116 413 665 1088 1101 1188
862 931 947 1100 1122 1188
443 506 880 1104 1151 1184
427 832 852 1095 1113 1168
231 339 771 846 1096 1190
439 561 942 1082 1173 1196
56 211 253 820 1049 1126
4 329 876 1051 1147 1193
135 399 869 960 1077 1170
190 980 1107 1131 1150 1185
43 141 926 1148 1152 1193
54 383 537 851 1113 1194
300 805 971 1014 1114 1168
42 294 340 832 1017 1198
970 1042 1069 1071 1078 1194
130 291 788 1048 1098 1099
77 1000 1044 1059 1078 1140
57 833 980 998 1164 1197
44 268 904 955 965 1178
8 268 479 949 1025 1162
7 307 834 956 1074 1106
54 559 792 840 1147 1188
165 181 377 933 1097 1140
564 806 865 1068 1136 1144
16 169 812 996 1097 1107
332 353 692 868 1019 1063
645 799 1097 1109 1123 1180
107 487 675 842 889 1188
320 433 497 710 1145 1181
141 200 502 873 1092 1146
125 390 555 1068 1105 1189
234 564 905 1110 1144 1187
178 406 586 970 1118 1141
55 236 736 836 893 1122
257 948 1021 1080 1130 1199
283 955 1051 1060 1079 1090
180 524 615 994 1071 1126
122 498 719 781 1042 1154
175 949 1072 1101 1169 1184
142 466 701 951 1060 1179
298 729 913 976 1088 1139
321 343 518 582 957 1084
126 250 534 851 1067 1073
3 16 633 825 1049 1053
683 684 764 908 1078 1171
756 805 889 1028 1069 1111
367 548 704 815 1059 1174
111 229 348 520 1012 1089
86 591 1036 1072 1191 1196
210 366 494 739 882 1158
46 115 438 881 1108 1144
587 692 935 984 1106 1114
386 581 821 1051 1065 1070
758 918 1012 1106 1123 1184
426 515 708 938 940 1153
780 805 861 943 1081 1096
163 335 512 1043 1062 1107
242 474 670 686 1086 1197
608 776 813 849 890 1165
118 205 318 818 910 1073
210 893 1027 1075 1105 1139
246 601 758 803 855 975
598 971 1054 1059 1095 1112
108 175 972 991 1112 1142
437 462 497 849 1002 1192
108 129 165 498 1071 1196
295 401 790 1171
434 681 996 1057 1084 1134
129 182 270 593 1063 1153
357 455 951 969 1048 1062
423 599 778 809 989 1062
99 404 750 768 1142 1188
381 589 920 1114 1159 1172
20 456 677 858 1042 1187
382 503 794 1092 1153 1198
467 477 693 865 1038 1111
84 709 764 992 1017 1148
32 42 326 529 1078 1088
135 447 609 1081 1132 1136
143 495 536 663 1098 1144
36 114 923 939 1139 1178
78 693 801 902 1171 1189
2 316 371 554 984 1152
35 98 504 890 967 1121
324 571 998 1057 1059 1154
359 603 925 991 997 1061
552 1049 1109 1183 1186 1190
164 273 631 1018
213 478 1081 1083 1106 1156
34 220 286 727 743 1010
151 463 525 626 766 1099
287 372 379 837 881 1194
85 90 186 515 799 1198
393 570 1060 1095 1190 1192
31 406 592 773 893 1131
193 459 513 928 1104 1123
962 1088 1101 1110 1111 1130
440 948 1055 1118 1174 1181
66 269 429 850 1058 1144
508 686 818 916 1073 1186
449 1062 1104 1120 1130 1165
133 1087 1103 1136 1185 1196
398 501 555 1119 1133 1166
238 827 1027 1085 1162 1185
174 356 689 853 1065 1080
580 886 998 1086 1166 1198
153 297 423 794 990 1127
66 408 463 877 926 1200
263 553 621 854 870 1061
669 888 905 1079 1132 1192
297 752 755 860 994 1189
468 774 937 1052 1055 1108
212 355 1090 1103 1128 1173
577 750 882 886 1155 1192
168 632 957 1032 1037 1116
133 230 688 782 834 1185
148 159 419 741 849 1193
224 483 871 1045 1074 1168
245 350 751 833 1041 1168
567 646 836 945 1127 1164
36 58 218 443 613 1149
32 634 741 845 1005 1102
280 715 873 888 1122 1137
17 29 146 961 1046 1066
157 622 959 1113 1143 1170
485 541 887 926 1020 1139
284 333 342 802 889 1030
24 351 486 723 1051 1074
62 138 166 208 1080 1103
183 471 1064 1099 1126 1163
139 350 507 661 800 1065
38 162 939 981 1103 1184
598 903 993 1013 1044 1177
617 762 1066 1145 1150 1176
353 813 862 927 1080 1098
579 759 874 896 1050 1090
71 454 755 1069 1081 1179
150 190 637 698 829 891
460 845 936 976 1176 1187
375 394 431 826 846 1200
386 671 934 1068 1135 1184
56 413 523 1054 1150 1188
244 345 528 773 880 1116
532 727 747 825 1141 1151
385 434 850 1040 1147 1153
640 742 762 792 1038 1042
52 454 852 1089 1146 1161
255 744 899 1049 1162 1176
354 420 763 1076 1105 1162
330 643 649 1011 1137 1195
170 332 450 960 1060 1094
10 168 226 602 1121 1200
154 182 323 994 1174 1200
279 553 720 934 991 1169
678 754 855 950 988 1073
243 256 749 782 799 1000
411 525 704 794 894 982
222 485 641 811 1009 1140
256 765 1001 1054 1191 1192
115 314 320 826 1100 1182
28 247 1076 1126 1163 1193
364 764 904 932 945 1022
379 607 612 718 975 987
173 203 739 812 1061 1093
170 403 690 756 869 1120
325 779 796 921 1056 1146
79 177 657 1063 1129 1146
83 731 830 884 1093 1184
594 762 866 891 1063 1192
40 838 1022 1034 1055 1151
179 258 565 941 1095 1116
604 775 800 942 1039 1167
137 279 324 767 867 1021
275 917 935 941 1161 1169
94 263 655 982 1034 1069
88 134 409 578 655 1066
734 866 1059 1129 1151 1180
326 510 824 1025 1065 1152
203 519 722 994 1129 1136
1030 1044 1088 1122 1134 1171
270 309 333 562 801 1047
737 819 829 852 914 1016
407 730 850 960 1102 1182
266 452 798 834 848 914
212 252 352 652 1146 1165
484 550 717 876 1054 1123
12 539 605 931 1116 1183
208 716 773 894 1044 1190
47 330 475 855 1149 1179
91 100 109 785 880 1149
344 404 728 908 1139 1170
19 455 588 1075 1086 1176
192 248 436 1035 1107 1145
1050 1057 1066 1078 1087 1191
81 654 714 796 967 1009
11 157 510 590 915 1152
102 142 262 368 983 1184
493 857 858 1100 1127 1180
265 414 426 745 817 1148
408 870 916 1011 1094 1160
79 526 648 1001 1029 1178
347 366 636 648 1089 1167
5 47 760 873 1112 1120
511 937 1074 1096 1108 1171
687 892 985 1104 1128 1171
266 456 776 1121 1169 1173
37 906 1015 1041 1076 1181
156 197 205 412 816 1085
194 305 331 867 902 1141
52 747 878 883 914 1000
59 684 1050 1064 1101 1138
154 271 303 626 1013 1195
185 543 571 1099 1135 1151
255 766 1053 1067 1127 1167
237 261 359 531 740 1079
72 311 754 835 988 1039
207 969 1004 1021 1092 1147
480 864 885 940 1081 1185
521 671 1112 1121 1141 1187
267 811 1068 1117 1167 1177
921 959 985 992 1021 1133
78 470 638 760 1077 1126
189 217 469 787 1007 1166
418 611 663 667 859 1114
64 235 457 726 1032 1099
309 328 790 1094 1119 1165
55 338 516 668 695 892
506 713 984 1091 1098 1143
757 896 909 990 1125 1189
243 584 725 939 940 1179
118 195 397 517 738 1008
576 680 1052 1125 1133 1134
335 370 415 457 1072 1194
672 1060 1070 1071 1150 1195
372 746 947 1038 1169 1195
27 59 152 469 674 1037
25 522 840 1101 1135 1164
74 337 476 543 937 951
143 859 1048 1138 1147 1183
661 736 807 842 872 972
216 390 575 836 864 1049
191 414 1053 1065 1174 1177
172 400 630 1032 1071 1158
209 351 900 1048 1058 1124
124 197 253 845 1045 1154
15 685 1011 1091 1125 1175
169 1041 1045 1130 1157 1166
62 605 610 761 1007 1174
1 223 585 691 1128 1154
158 196 238 890 935 1056
50 230 343 1000 1019 1048
105 415 416 863 1172 1175
202 352 770 901 938 1117
104 110 653 932 1149 1168
101 103 362 602 895 1160
103 282 980 1135 1155 1171
239 627 658 820 907 943
562 802 839 884 1054 1113
289 358 798 807 899 1047
637 680 863 1082 1110 1174
13 973 1006 1027 1171 1181
225 300 425 714 863 1179
774 780 786 924 925 959
354 658 754 1086 1094 1169
450 585 724 900
1 220 288 584 618 1066
620 647 705 997 1058 1111
67 213 218 544 1076 1155
378 700 1030 1088 1157 1165
40 184 687 788 1096 1156
228 482 814 1095 1117 1133
391 422 927 958 1004 1014
74 198 245 957 970 1032
89 137 611 1012 1036 1047
24 259 400 962 1040 1132
39 101 308 717 954 1090
10 232 527 634 656 1112
140 312 846 1094 1131 1176
20 295 761 909 1065 1145
419 659 758 1065 1097 1126
730 843 1008 1064 1116 1156
122 369 625 1024 1121 1195
524 666 691 839 1118 1157
260 509 808 1089 1091 1191
837 865 912 966 1020 1106
599 965 1050 1121 1160 1182
35 357 430 854 1083 1161
428 491 787 896 910 977
781 1149 1161 1176 1184 1189
33 112 296 304 575 1057
363 1059 1146 1147 1172 1183
3 396 451 618 746 872
507 835 1058 1067 1090 1187
117 275 344 345 906 1091
221 464 682 1055 1072 1119
236 240 990 1003 1050 1180
131 418 653 928 1033 1178
242 445 593 776 795 1123
228 298 804 978 1005 1181
149 393 523 542 771 1151
740 847 952 975 1120 1125
483 568 944 1052 1102 1187
136 258 785 934 1062 1196
252 540 580 835 1112 1197
148 412 629 682 1105 1168
635 657 922 1092 1115 1130
106 753 904 1092 1104 1150
91 191 422 969 1061 1063
557 578 768 1129 1157 1176
6 731 838 848 875 993
113 522 675 1076 1136 1172
63 89 363 838 942 1161
919 932 974 988 1120 1181
18 172 432 722 1016 1158
28 516 608 899 1097 1122
120 254 421 826 1049 1178
180 257 299 349 583 1161
451 539 641 952 1155 1161
603 739 1026 1056 1087 1120
48 710 860 1057 1132 1164
25 183 189 700 1060 1149
7 250 911 980 999 1008
124 341 591 729 879 1015
444 545 793 1138 1142 1186
134 232 572 800 1106 1136
131 178 436 587 1031 1063
282 698 743 974 1043 1054
14 68 1066 1115 1118 1152
427 751 812 1067 1164 1178
53 76 654 715 830 1185
121 526 908 1079 1084 1142
927 986 1045 1115 1162 1163
276 740 1155 1160 1161 1172
75 119 128 274 790 1048
93 361 848 1026 1074 1083
98 102 909 961 1183 1195
206 488 786 819 1105 1172
5 459 733 1011 1124 1141
219 621 1083 1089 1093 1166
706 787 822 1031 1092 1183
374 538 549 827 1100 1124
92 500 793 884 917 1123
471 548 628 897 1138 1158
214 504 755 831 898 1085
582 595 606 802 877 1028
305 430 438 972 1027 1046
144 444 638 1025 1087 1191
11 215 614 670 815 1097
233 416 604 708 1127 1182
387 405 549 632 1077 1154
37 195 554 647 878 1110
61 196 875 1055 1077 1105
50 338 381 511 824 888
100 437 666 876 1087 1128
551 594 607 844 929 1038
376 439 619 828 923 1104
462 1004 1020 1025 1059 1168
207 323 878 992 1047 1159
273 361 965 1053 1140 1163
114 281 285 566 788 877
33 75 1012 1156 1166 1186
486 570 576 769 1111 1186
145 194 546 619 639 989
147 185 583 690 1069 1090
22 336 669 738 828 979
477 814 1099 1115 1118 1196
479 872 1160 1166 1170 1175
109 292 481 752 1169 1178
41 219 556 749 1022 1177
199 535 688 1051 1108 1153
68 215 552 650 819 1108
374 601 725 954 1072 1181
45 465 502 574 665 1083
123 138 818 864 1075 1186
83 202 435 702 1056 1182
71 152 227 435 1083 1187
34 306 765 780 1003 1078
193 214 921 1115 1162 1190
239 484 595 747 966 1102
106 449 615 853 912 1133
145 155 734 916 1050 1122
22 956 1035 1056 1061 1158
441 600 742 837 922 1048
216 317 355 478 979 1135
328 446 720 744 748 1105
537 660 856 860 905 1057
315 547 550 767 809 1031
201 532 737 976 997 1162
512 520 711 1137 1162 1189
123 375 500 1108 1132 1143
13 410 496 919 1124 1194
94 160 606 1017 1064 1106
391 399 772 993 1164 1186
30 283 425 811 1007 1069
9 99 339 1007 1046 1098
227 394 488 928 1160 1194
144 460 644 979 1085 1141
536 566 696 775 1016 1046
265 825 924 993 1051 1133
505 561 946 999 1094 1119
264 293 492 822 996 1015
206 431 445 707 954 1187
46 490 622 635 636 1026
160 530 723 1043 1058 1134
356 503 573 1009 1168 1173
90 689 892 910 1064 1101
61 166 403 674 891 1034
299 304 348 614 664 983
65 496 823 844 903 1037
184 718 901 938 1135 1188
294 424 620 1008 1070 1182
80 701 770 925 1017 1166
247 472 721 987 1131 1164
287 334 447 713 784 816
117 290 481 797 913 1093
95 234 662 1013 1056 1110
41 735 784 949 1124 1155
649 706 709 752 973 1139
307 963 1093 1110 1134 1197
53 139 446 798 1029 1146
73 528 592 711 841 952
70 319 396 929 1002 1018
