313 424 845 944 1063 1095
179 658 745 780 915 934
252 291 461 615 711 1061
33 452 613 661 819 1008
63 114 263 420 591 778
201 443 476 680 747 849
29 68 534 848 1011 1013
363 540 731 855 881 1191
240 384 718 907 1072 1136
41 58 481 633 846 863
56 147 248 732 999 1152
478 714 801 975 1054 1179
319 405 559 649 749 1080
381 550 567 674 725 785
435 564 588 765 808 833
185 644 929 947 1084 1167
76 101 181 352 358 730
110 176 199 224 431 783
77 348 632 726 963 1197
455 700 953 972 1001 1010
628 668 793 872 1005 1115
46 254 284 528 850 866
22 88 128 557 593 977
164 376 655 786 889 989
210 251 561 638 653 883
404 575 639 724 864 887
372 422 449 601 706 1073
54 225 238 433 882 943
87 395 446 486 736 751
339 673 816 836 885 1126
473 600 695 896 1090 1093
146 746 827 1019 1039 1162
37 137 368 419 744 1198
231 260 631 665 891 1149
115 215 571 681 923 1096
10 121 573 766 993 1097
51 205 349 768 799 1144
57 245 275 343 351 1041
202 377 516 570 618 1180
305 507 537 670 1132 1170
228 247 514 560 684 756
59 391 586 592 697 814
232 286 336 347 475 1058
287 330 374 818 911 1098
45 148 758 779 978 1129
18 271 373 400 651 1120
66 457 650 1055 1064 1182
138 326 418 447 767 930
188 364 479 595 616 713
34 293 357 902 1049 1065
393 552 659 893 987 1003
144 280 411 772 988 1181
30 605 804 879 886 927
167 198 378 596 597 671
503 523 620 701 721 1184
204 308 333 487 526 790
489 510 667 788 876 1087
119 122 518 566 636 823
61 169 344 634 663 1133
6 103 145 578 622 693
500 641 688 870 1159 1193
32 71 611 752 936 1052
15 100 610 847 874 1023
296 483 594 679 696 773
44 55 78 574 630 1116
93 108 341 441 979 1017
149 222 229 705 806 1042
42 94 104 342 590 1026
83 255 273 676 878 931
3 366 402 450 853 1029
409 492 535 830 1024 1135
182 269 318 776 787 1057
174 406 555 854 954 1105
170 547 656 810 950 1199
190 212 328 643 782 834
62 399 608 623 741 904
73 301 436 501 733 1022
345 392 462 509 672 1086
24 64 107 466 1088 1089
257 360 414 568 858 1166
80 113 640 646 682 1150
75 124 401 843 1081 1125
126 394 432 496 880 1053
12 244 390 917 1038 1118
173 337 587 832 852 965
477 599 654 716 813 884
453 508 625 797 995 1104
47 471 629 805 933 1122
4 95 142 209 355 941
307 585 689 825 1032 1100
91 154 177 811 908 1124
1 20 184 412 556 857
369 429 664 690 856 1069
134 220 264 298 324 427
438 467 497 521 621 959
262 380 542 737 966 971
407 459 669 677 777 1183
193 757 784 921 932 942
159 256 300 474 549 1165
196 444 472 637 698 1161
2 120 367 398 522 715
277 353 408 759 997 1031
437 527 994 1077 1109 1186
8 239 812 859 946 980
165 519 538 835 1006 1171
217 237 421 524 792 1051
131 282 334 838 926 1059
340 662 707 795 837 939
123 183 350 829 841 1187
60 283 365 454 962 1043
226 371 820 969 990 1007
200 276 694 709 1046 1154
195 289 515 761 1015 1130
166 266 278 430 465 1146
98 178 553 717 871 998
9 38 290 602 703 1066
53 102 180 309 945 1083
36 85 375 831 875 1128
92 233 415 569 1164 1174
35 356 359 423 842 1138
129 156 249 268 416 734
317 755 794 1075 1099 1194
150 532 563 660 791 1117
463 738 769 844 973 1030
132 543 686 925 1102 1189
187 230 370 382 727 1178
97 109 626 865 928 984
504 531 821 851 1108 1157
26 153 445 606 760 803
158 189 315 417 464 800
160 191 678 722 723 935
493 529 708 781 789 1176
79 163 314 840 992 1111
125 719 754 822 918 1067
52 86 448 485 877 974
31 354 530 914 1028 1112
135 216 762 796 1163 1192
155 482 513 702 873 906
491 775 826 913 1056 1110
470 627 802 957 1040 1185
502 512 743 807 890 1153
243 310 938 1009 1168 1172
111 362 533 675 1070 1091
14 304 460 498 551 1034
7 74 168 175 294 434
130 214 227 303 1092 1142
133 329 545 612 888 916
84 323 458 468 996 1158
69 171 172 604 750 983
253 285 338 379 607 839
25 40 584 1071 1151 1160
213 867 981 1062 1113 1175
16 23 50 322 397 763
28 70 346 488 720 910
288 900 901 968 1127 1147
327 425 739 798 828 1131
17 21 480 598 657 1134
39 242 306 325 361 1139
320 541 577 956 1121 1190
295 403 410 683 815 940
127 186 647 964 1079 1085
106 386 704 742 753 1101
11 383 511 539 710 1018
72 389 735 1047 1050 1155
116 118 299 729 967 1173
281 388 1004 1033 1141 1156
43 89 905 922 1016 1200
19 223 582 764 961 985
234 451 699 748 937 958
105 151 892 1000 1036 1123
81 218 335 387 897 1106
207 499 558 652 919 1103
99 536 548 648 920 1143
219 246 316 469 899 924
27 162 261 311 506 1025
192 520 562 617 740 861
203 250 505 581 712 862
141 161 440 894 1014 1045
495 576 579 580 912 1002
13 259 494 614 868 903
82 279 554 691 809 824
236 728 817 960 1145 1177
90 332 396 517 645 1082
5 265 267 666 986 1169
48 565 909 991 1021 1107
197 206 211 413 490 687
117 385 624 1068 1076 1140
136 140 321 635 774 952
65 157 208 685 1037 1078
67 194 426 589 976 1048
270 428 439 603 619 1114
484 572 583 898 1060 1074
152 258 442 692 770 949
49 235 297 544 982 1094
96 274 292 331 546 1027
272 302 771 860 1020 1119
139 241 312 951 1012 1188
221 456 869 895 955 1196
525 642 948 1044 1148 1195
112 143 609 970 1035 1137
5 114 130 267 408 886
284 355 449 777 782 1195
107 147 720 800 986 1121
50 335 344 774 855 1174
42 57 324 745 810 1082
40 106 377 560 656 756
141 389 604 916 1001 1083
152 200 203 555 729 770
155 440 682 746 796 818
32 283 559 888 1108 1139
48 275 287 448 1062 1144
293 339 589 747 783 1152
371 512 826 1101 1138 1196
124 186 196 327 985 1155
51 156 279 616 806 815
55 392 476 775 933 1140
62 142 640 694 730 1182
274 368 610 707 717 1097
46 175 412 459 486 722
41 47 321 525 601 635
220 416 452 493 578 1193
3 402 508 556 633 1052
18 485 587 669 951 1166
348 573 581 751 911 984
91 110 162 386 918 945
639 808 910 965 1167 1173
218 361 473 687 840 1096
296 314 701 703 766 1009
211 295 502 738 880 1172
78 81 410 667 752 839
137 388 461 890 906 1014
244 537 568 794 934 1018
96 204 425 685 804 859
60 131 424 562 1094 1100
316 325 541 785 789 1177
281 526 637 684 1060 1146
15 182 423 543 779 1047
36 672 833 938 1058 1142
10 488 628 736 776 959
64 70 366 464 561 708
151 458 618 838 946 1069
233 249 824 850 853 1024
243 398 646 696 805 1189
432 811 899 1134 1137 1160
99 380 767 1010 1106 1179
35 480 845 944 1051 1065
68 303 312 632 704 854
92 215 593 758 990 1028
125 369 692 819 953 1023
228 376 454 860 875 1053
160 165 302 477 629 1118
66 144 686 921 971 997
179 189 197 690 831 1103
153 462 544 869 950 1191
9 149 390 483 668 891
24 28 73 653 873 1162
217 373 735 1005 1016 1151
37 340 517 576 843 924
282 294 381 577 599 983
20 43 84 691 861 903
277 399 498 509 699 825
213 223 318 552 680 697
140 188 268 427 671 807
234 269 472 592 727 802
299 904 1033 1075 1107 1126
82 251 372 675 743 834
400 936 998 1007 1043 1050
227 481 673 923 996 1169
212 276 504 566 569 718
342 350 711 1061 1064 1078
11 67 195 580 620 710
159 470 663 926 962 1165
86 232 514 533 753 870
128 326 415 450 742 1123
116 252 792 798 1071 1085
34 87 522 539 865 1081
164 479 500 558 621 784
136 655 788 964 1098 1190
139 246 585 828 976 1178
260 319 590 793 877 1029
467 575 626 948 1040 1089
469 623 748 759 765 928
330 549 644 892 931 1176
431 712 852 900 927 1110
352 433 695 909 989 995
184 403 475 490 907 1072
328 465 650 714 851 871
6 58 119 607 884 905
112 422 443 689 863 1046
101 622 728 740 999 1070
108 115 401 974 1084 1099
457 466 582 749 1180 1186
177 374 442 554 857 1114
2 74 310 750 887 963
256 292 346 383 524 1105
79 180 406 741 823 1049
505 527 540 920 940 1080
261 322 359 507 966 1157
123 264 586 764 980 1187
436 588 591 896 943 1073
265 370 378 594 799 1015
315 337 343 357 506 531
80 158 550 567 982 1038
98 198 417 613 642 1111
23 72 214 624 652 761
118 163 307 404 641 952
138 311 363 444 939 1034
173 298 396 960 1087 1154
77 290 542 553 1057 1184
13 216 772 947 1021 1048
317 419 584 846 937 1042
85 323 495 915 1003 1127
259 364 532 563 595 598
191 278 304 654 705 1067
61 166 384 499 630 638
7 208 238 262 291 557
257 379 666 755 1125 1194
12 69 135 536 649 817
161 199 245 341 987 1022
120 300 397 421 679 958
95 111 273 762 1027 1132
176 202 790 941 979 1000
171 420 881 967 1129 1197
231 338 820 1026 1063 1086
56 126 719 872 1117 1156
530 993 1036 1055 1093 1149
194 286 349 460 510 651
44 489 597 677 763 1002
121 385 528 664 778 1183
606 625 733 757 876 1181
146 201 434 670 744 781
148 192 271 688 814 848
63 492 521 631 977 1131
219 439 456 609 721 978
97 157 306 647 709 1088
288 407 438 930 1091 1200
117 329 354 429 868 1041
31 127 768 786 975 981
529 603 1013 1109 1148 1175
154 801 954 961 992 1079
90 520 612 901 1012 1068
235 237 333 426 702 929
365 534 619 898 1113 1135
132 185 247 570 572 611
209 484 511 535 893 1045
266 446 571 617 922 1192
183 615 700 769 973 1188
1 49 724 942 1020 1170
109 168 181 773 874 1147
53 360 437 659 822 1199
88 210 608 917 1017 1164
45 167 351 725 902 1095
27 221 242 255 648 1076
25 331 362 391 731 803
26 222 272 546 897 1112
254 382 471 894 925 1004
445 447 468 760 878 1074
253 409 660 885 1133 1141
30 174 207 435 496 1153
143 551 787 821 1059 1143
29 387 698 827 1044 1128
224 605 723 726 908 1090
780 837 862 883 991 1145
94 170 842 949 1066 1115
134 145 289 545 813 858
248 301 394 583 1124 1159
193 405 513 614 661 713
8 113 169 455 716 830
52 104 258 320 574 912
93 150 487 538 972 1104
4 297 393 715 841 913
14 230 634 771 836 969
89 313 547 832 844 1025
122 418 523 882 932 957
103 375 518 579 809 1158
38 270 1006 1037 1150 1198
17 83 239 353 356 683
308 367 501 516 955 968
22 75 336 413 515 1030
54 102 236 250 812 867
190 226 229 332 596 847
187 206 241 263 478 1035
33 347 430 602 681 914
358 463 474 491 519 1171
65 76 482 879 919 1019
16 71 428 503 856 1136
643 658 693 797 816 1011
334 627 732 970 1031 1092
21 345 864 1008 1032 1185
285 494 636 1119 1130 1163
19 280 548 737 829 1122
172 178 564 849 935 956
305 674 678 706 988 1116
100 565 754 1077 1102 1168
39 59 225 665 676 1120
240 395 739 835 866 889
129 133 645 662 795 1161
105 205 309 411 451 1054
441 497 600 734 895 1056
414 453 657 791 994 1039
156 275 302 328 463 976
113 388 415 650 1100 1103
31 477 506 827 882 933
124 145 173 684 879 987
66 177 618 687 992 1082
563 769 797 870 999 1089
83 315 528 807 817 962
379 615 793 862 892 1008
190 262 481 658 676 717
7 121 907 953 1087 1200
40 197 246 257 428 974
48 560 578 668 670 770
3 142 179 222 393 990
409 498 513 573 690 942
243 259 270 395 857 865
74 276 310 547 663 961
447 496 549 734 815 871
200 410 518 1127 1130 1155
72 425 501 589 847 1073
32 209 482 829 906 970
75 232 412 431 644 917
568 601 694 796 941 1173
165 441 542 875 1039 1188
210 268 426 979 1024 1128
108 215 295 483 526 753
340 624 710 842 939 1083
653 712 720 823 873 977
28 128 465 735 801 922
118 178 214 400 524 996
390 673 791 834 1098 1111
194 296 643 701 838 1051
204 423 505 580 777 1157
26 280 587 739 808 1113
8 100 331 713 728 798
6 12 205 363 411 1145
149 339 462 721 795 809
185 508 749 794 937 1085
20 248 556 806 946 995
34 63 575 657 929 1022
15 164 413 617 642 1156
49 172 661 831 859 1122
130 273 351 751 761 1066
16 109 306 836 1035 1114
1 317 557 1104 1143 1195
81 321 430 869 881 927
62 767 768 954 1007 1071
229 455 534 888 993 1129
489 609 772 812 986 1148
96 358 445 803 886 1041
86 691 899 931 1119 1149
27 36 59 184 515 682
64 143 242 486 727 877
192 373 531 678 696 699
58 362 554 579 916 1058
385 487 551 930 1048 1106
11 386 569 853 998 1075
160 171 356 383 537 874
256 318 472 755 785 1169
140 146 469 645 763 813
368 509 600 1003 1126 1198
92 198 260 582 627 630
117 240 271 738 932 1158
21 292 632 686 1139 1159
105 234 247 357 616 910
748 918 923 945 994 1134
55 70 196 283 287 1141
387 389 741 779 839 1059
54 374 724 943 1037 1132
47 216 355 370 473 709
52 65 343 450 752 968
244 322 347 348 759 1044
220 466 564 758 848 1131
37 104 150 162 765 898
233 369 824 845 904 1183
19 329 800 846 952 1079
361 384 591 623 665 743
127 138 151 612 816 841
120 313 448 725 1010 1021
132 536 704 774 880 1017
201 756 891 1043 1060 1190
237 434 567 570 614 680
89 116 652 692 736 764
30 576 760 826 835 959
38 577 781 1124 1152 1192
163 346 352 471 544 810
599 613 683 784 1109 1178
69 93 135 218 912 1078
56 475 586 635 1194 1197
284 457 525 889 1056 1164
85 186 527 581 688 747
44 57 153 529 561 646
39 211 299 951 1009 1181
53 239 424 480 504 963
9 288 311 533 790 1072
60 301 517 651 878 1168
338 416 594 662 1006 1189
35 80 263 746 1057 1150
420 588 638 674 1015 1147
114 660 773 905 1054 1068
320 405 583 1144 1161 1167
136 235 350 541 664 1179
4 219 238 552 949 965
107 323 538 984 1014 1170
264 403 590 659 702 975
228 364 433 553 872 983
158 236 290 401 693 1137
111 314 365 1001 1018 1153
102 539 729 802 1012 1027
10 308 436 935 1088 1199
17 207 226 274 500 726
84 479 546 1091 1095 1142
378 456 730 860 1033 1186
319 402 620 733 1011 1187
258 523 596 708 1023 1030
418 762 855 928 973 1063
2 180 225 854 981 1069
372 530 543 636 799 956
309 555 606 944 1097 1102
435 566 574 654 833 978
298 304 452 804 843 1061
397 562 637 640 718 1180
50 345 789 895 911 985
14 221 565 633 1038 1092
87 421 514 572 621 1107
23 175 195 254 639 647
78 168 245 540 681 1140
18 289 360 392 667 864
99 129 223 381 656 969
112 148 443 714 1028 1182
281 407 464 914 972 1005
97 404 414 740 900 947
170 187 398 484 966 1070
82 159 371 703 787 1053
166 353 608 626 849 894
330 597 622 634 948 1084
103 449 485 605 814 936
230 585 783 903 958 1110
90 115 191 631 671 1108
188 227 249 250 493 1081
29 61 494 598 625 677
131 199 261 820 967 1101
278 451 478 754 788 896
41 255 279 376 521 805
25 182 272 989 1025 1160
174 491 584 901 1020 1032
24 611 619 707 884 1171
548 604 716 971 1077 1093
300 488 516 719 1045 1138
231 520 535 715 757 1065
474 507 722 919 934 1034
67 77 167 282 550 1185
193 213 502 649 811 964
46 139 396 641 742 1049
5 202 610 837 960 1090
189 341 408 460 732 851
291 394 439 559 697 1123
206 332 442 885 924 1125
399 438 866 920 955 1094
655 723 830 915 982 1117
71 110 446 737 782 991
161 305 532 832 921 925
68 126 134 293 367 1121
51 277 432 437 602 909
334 825 840 988 1050 1064
137 152 316 458 603 786
73 285 490 711 1120 1151
122 212 266 868 926 1162
147 342 380 1055 1086 1163
453 499 607 689 731 1118
43 176 241 324 495 858
325 336 492 1076 1080 1175
335 510 706 744 1099 1166
119 154 1112 1135 1177 1184
123 294 558 666 669 766
419 902 1016 1031 1067 1174
155 349 503 522 771 863
42 265 377 792 850 890
79 269 593 628 695 867
88 307 844 1036 1105 1176
253 297 391 629 648 852
326 333 700 913 938 1040
312 417 679 1013 1026 1196
217 251 375 406 454 1193
444 461 545 750 775 940
33 98 141 908 1146 1172
13 327 672 705 887 1002
95 337 497 512 1004 1042
22 303 876 883 1062 1074
252 267 571 745 821 1133
91 359 366 698 856 1116
203 440 776 818 893 1165
106 133 427 685 957 1046
94 344 429 470 511 780
169 467 950 1019 1047 1136
101 157 208 476 778 1191
45 183 819 997 1096 1115
125 224 592 675 897 980
144 181 382 422 519 861
76 468 595 1000 1029 1154
286 354 459 822 828 1052
