117 223 441 771 935 1047
373 729 743 871 1081 1170
81 82 228 620 845 1164
219 542 574 588 710 1068
799 911 959 1109 1124 1129
22 200 293 457 1126 1176
280 306 649 851 1149 1160
164 166 633 927 1082 1138
540 876 883 984 1064 1090
542 599 742 1120 1156 1157
786 888 1062 1103 1143 1187
414 672 790 935 960 1067
182 509 561 782 849 1166
272 732 919 971 1105 1117
319 489 724 888 1005 1074
658 986 1063 1189
292 697 834 925 1020 1064
143 715 754 1044 1050 1174
145 340 474 896 933 1128
290 395 411 621 758 1060
7 64 921 1114 1156 1177
299 582 739 867 1071 1195
102 363 512 1015 1035 1196
152 458 803 816 863 1102
216 306 977 1031 1111 1164
557 982 1014 1133 1146 1198
29 237 365 730 807 1175
301 390 839 902 989 1171
36 260 575 789 983 1146
272 444 782 810 1068 1153
19 399 661 835 1084 1179
302 500 593 732 1029 1144
226 500 753 1014 1095 1118
144 657 779 837 1099 1101
552 587 964 1130 1152 1153
794 1009 1028 1086 1087 1152
344 706 788 814 1119 1150
40 249 254 527 1104 1108
589 726 914 943 1084 1193
330 345 388 819 893 966
42 818 989 1053 1144 1198
86 253 394 548 1053 1067
357 487 578 581 1090 1175
107 299 631 937 1101 1159
252 336 467 1079 1087 1142
439 507 904 943 952 1057
32 370 461 622 861 1068
545 701 752 867 1107 1131
326 375 603 1011 1156 1157
142 288 903 909 1154 1164
105 838 847 911 929 1022
74 115 843 922 1079 1148
194 469 1066 1124 1160 1183
594 637 1123 1147 1167 1194
90 177 325 346 870 1108
279 368 566 756 775 998
196 653 983 1012 1090 1118
329 559 638 707 1040 1075
44 628 905 914 1007 1126
35 209 882 1094 1155 1179
697 788 802 1008 1036 1055
634 658 803 969 1077 1191
410 543 749 785 1032 1140
355 398 776 1017 1050 1174
121 403 449 856 903 947
314 497 615 907 999 1128
110 321 648 1061 1080 1190
664 763 879 909 964 1190
587 597 1044 1102 1131 1143
27 42 188 474 976 1006
16 412 762 991 1093 1186
137 236 298 579 678 717
2 265 765 862 1155 1199
3 954 995 1025 1089 1181
449 704 853 1047 1055 1197
206 367 522 954 1136 1191
442 672 771 952 1025 1041
131 163 806 987 1114 1190
762 851 1056 1089 1121 1125
509 891 933 1087 1096 1198
36 217 492 498 997 1156
76 394 523 761 974 1010
99 190 426 429 1098 1115
69 291 517 881 1044 1151
328 356 1016 1054 1068 1089
132 369 445 688 951 1099
246 353 1003 1063 1064 1185
240 795 867 1024 1034 1192
720 842 1030 1058 1091 1167
273 348 434 619 831 1130
175 623 770 1162 1166 1170
462 836 858 1055 1141 1184
715 754 1019 1158 1170 1195
48 421 1113 1119 1183 1187
175 397 659 671 1149 1178
37 66 192 475 1138 1166
193 342 808 830 865 994
53 265 515 521 703 1138
485 708 749 1071 1100 1170
9 921 940 1096 1113 1124
219 531 701 833 868 1094
374 755 762 855 972 1140
22 249 1038 1075 1079 1194
514 629 1015 1108 1131 1197
320 364 950 1049 1113 1133
164 262 605 882 1010 1138
417 420 849 948 987 1091
87 765 892 1058 1100 1163
37 176 962 965 981 1126
443 654 991 1097 1114 1185
6 226 1056 1126 1173 1179
769 860 949 1006 1042 1122
458 686 811 942 1057 1088
103 172 204 286 804 1163
116 590 609 1040 1067 1109
466 510 917 1106 1111 1172
120 230 387 1054 1079 1176
541 601 980 1089 1151 1182
71 192 547 1099 1100 1144
651 699 879 1092 1100 1141
385 858 882 978 1064 1125
183 823 1079 1149 1182 1194
508 609 627 843 1024 1188
712 853 861 936 974 1184
158 613 750 787 975 1070
179 241 255 464 852 1017
289 295 549 805 920 1022
115 958 1136 1178 1180 1191
55 178 270 331 986 1194
939 1083 1112 1167 1187 1197
12 87 266 1055 1099 1129
416 498 713 850 930 1010
351 640 729 898 937 1111
157 240 268 1142 1169 1175
128 185 590 703 1163 1187
61 286 551 1095 1125 1127
77 307 897 973 1189 1195
151 258 718 955 993 1081
494 919 1025 1039 1047 1127
635 912 917 1114 1132 1168
59 310 972 1076 1084 1182
741 910 915 957 1182 1193
184 481 865 1091 1148 1188
70 235 522 683 840 1139
16 64 207 446 848 1092
88 333 668 1027 1128 1152
473 712 835 1076 1089 1110
502 698 739 940 1067 1184
45 147 1075 1171 1176 1190
305 926 981 1080 1113 1134
200 460 827 863 1062 1066
230 552 725 1105 1106 1192
62 614 1111 1137
366 745 878 948 1054 1183
341 360 424 990 1111 1154
268 685 766 937 990 1189
169 750 829 923 1002 1142
26 59 187 1072 1081 1085
79 209 384 733 1045 1095
130 233 549 571 591 815
110 520 660 910 915 1139
312 845 887 1057 1136 1170
343 350 838 950 1105 1156
126 692 902 981 1035 1163
511 908 1018 1074 1087 1131
1 263 372 939 1033 1169
821 928 945 958 1093 1133
325 386 1023 1064 1133 1148
239 663 780 797 800 1105
138 238 780 806 875 1064
181 427 641 1081 1084 1170
326 396 468 804 832 1098
83 825 1078 1083 1138 1149
218 747 751 906 1130 1136
288 320 784 1026 1145 1196
263 506 573 953 1076 1117
203 291 724 841 965 1159
362 447 706 1049 1119 1176
21 119 373 565 738 1060
679 772 1049 1061 1101 1106
31 225 416 576 1047 1067
606 652 876 1070 1139 1153
532 623 1059 1069 1090 1128
117 134 224 774 837 1030
564 814 923 1082 1112 1151
150 801 1053 1148 1180 1198
41 365 676 861 961 1186
38 247 413 755 1001 1167
65 150 722 1102 1180 1195
133 207 229 671 864 1100
105 247 826 912 1118 1151
305 775 846 1059 1134 1158
437 651 872 1079 1118 1136
2 883 1048 1084 1115 1180
125 826 839 934 1021 1122
139 452 713 997 1049 1149
292 979 1015 1037 1177 1183
303 591 828 990 1132 1194
664 784 899 905 1054 1184
537 787 1146 1163 1174 1189
18 174 182 267 385 466
630 691 1019 1060 1120 1145
195 563 938 1048 1086 1099
308 311 366 694 869 1003
508 620 682 984 1165 1183
303 333 401 435 531 1031
982 1004 1008 1023 1127 1152
76 222 417 560 1098 1191
297 392 840 939 1108 1175
201 244 277 424 1012 1101
84 757 796 886 1086 1092
33 162 339 356 811 992
68 243 971 1061 1165 1169
100 665 785 869 936 1130
1 33 120 571 662 1085
38 174 234 646 885 959
472 856 963 1018 1076 1085
113 154 361 696 921 1165
398 442 759 818 1001 1083
61 487 525 667 1083 1114
54 340 483 775 1016 1129
14 257 426 873 1137 1195
331 440 456 859 895 907
248 329 505 555 776 919
104 453 737 1046 1105 1122
585 778 984 996 1016 1149
355 692 694 741 813 1049
3 217 546 777 1117 1140
836 890 1094 1096 1178 1188
11 422 438 624 808 1125
189 278 352 670 687 827
28 199 719 760 848 1073
45 86 271 906 1009 1067
530 553 615 854 961 1140
616 810 1004 1068 1147 1154
75 517 646 877 1193 1200
435 604 790 905 1008 1186
199 397 415 459 914 1129
125 535 632 898 967 1032
568 728 744 766 857 947
378 884 985 1099 1157 1184
538 541 670 1033 1058 1134
358 581 717 864 968 1092
267 287 309 636 750 842
258 402 553 601 880 1155
70 283 645 687 735 1159
118 379 1006 1085 1112 1188
202 451 955 1073 1140 1159
507 767 825 963 1002 1108
814 847 998 1103 1163 1172
14 269 613 656 976 1115
10 135 139 153 1034 1043
72 527 643 904 957 1109
80 108 304 1009 1078 1135
332 419 709 1150 1181 1184
558 665 823 1164 1194 1198
108 652 675 798 904 1144
347 547 829 946 997 1019
149 567 819 968 1067 1155
85 112 746 1032 1077 1088
789 849 1007 1073 1180 1187
214 281 389 996 1158 1166
5 236 371 711 749 1055
93 313 626 1045 1054 1155
47 662 809 979 1181 1193
183 251 818 979 1120 1162
445 628 668 1141 1175 1189
400 434 476 686 765 1175
48 338 516 1098
68 112 422 748 1032 1126
575 596 684 895 963 1039
84 524 566 781 862 1198
10 131 436 504 696 1076
137 228 443 635 881 1074
464 486 659 908 982 1158
223 888 924 981 1051 1139
352 622 1012 1093 1126 1176
666 955 1147 1168
216 617 925 954 1055 1199
239 284 285 342 1075 1135
279 428 656 1001 1004 1049
63 123 283 349 495 754
544 792 949 1036 1155 1158
163 484 619 956 1113 1176
12 99 707 832 927 931
40 197 526 709 718 846
599 727 916 932 1094 1180
430 563 842 881 1156 1168
367 638 796 916 1061 1104
809 890 1023 1048 1116 1178
548 751 820 857 890 1188
723 898 941 1131 1155 1169
81 300 419 970 1103 1196
503 745 769 778 783 892
83 256 376 966 1189 1196
313 354 530 585 1055 1074
210 825 876 953 1104 1134
314 594 773 841 1092 1162
166 167 482 871 889 1153
378 493 1047 1061 1098 1152
773 870 971 987 1133 1143
7 290 737 859 1121 1172
56 193 420 1060 1115 1153
405 887 903 1062 1066 1150
49 731 834 1053 1065 1068
324 349 805 1020 1026 1169
242 789 880 999 1121 1148
44 198 302 793 913 1197
79 106 334 660 691 855
159 893 942 1124 1166 1195
116 177 551 693
49 134 369 504 1061 1146
233 359 379 1048 1094 1174
60 636 911 994 1008 1123
96 245 427 459 710 922
30 406 595 850 1097 1161
198 376 586 625 807 1095
688 847 878 1058 1080 1186
50 323 432 554 944 1094
529 748 817 886 1049 1137
25 757 813 1003 1153 1178
316 776 835 1034 1072 1189
425 562 1106 1148 1149 1185
39 91 486 496 600 1165
93 123 212 734 815 1185
190 544 610 875 925 1057
574 682 1065 1096 1103 1132
24 80 528 820 1058 1133
197 460 569 922 1109 1127
13 545 1120 1154 1164 1192
257 602 673 850 879 1198
121 472 532 572 726 1121
114 595 641 642 1080 1164
191 348 521 1021 1070 1200
407 497 584 844 871 934
126 831 958 1081 1127 1160
296 689 799 1102 1106 1161
518 540 721 1069 1072 1179
322 526 992 1015 1131 1142
756 1050 1065 1096 1174 1186
334 346 537 875 988 1048
255 627 988 1003 1118 1157
138 409 604 771 1097 1173
414 769 1002 1033 1056 1063
17 982 1029 1100 1142 1144
57 148 781 895 942 983
275 747 901 1070 1129 1171
88 318 667 975 1084 1147
383 730 906 913 1051 1173
215 539 985 1071 1115 1139
261 935 1057 1077 1089 1121
337 868 901 977 1112 1161
149 421 570 1072 1120 1191
51 57 473 741 918 1144
191 674 778 786 991 1146
136 433 1066 1097
569 1018 1029 1062 1154 1181
132 140 250 606 1034 1108
674 740 1051 1161 1167 1188
884 978 1053 1065
793 817 917 927 978 1168
495 630 637 786 1110 1160
335 792 874 1070 1074 1119
92 205 410 931 933 1001
275 409 1082 1124 1125 1177
4 377 639 753 760 1143
900 957 996 1043 1173 1174
145 242 928 1030 1039 1074
63 289 561 945 997 1035
900 1021 1050 1120 1168 1197
455 795 808 996 1114 1170
180 357 406 913 973 1043
241 447 631 874 1165 1171
580 766 1030 1081 1113 1143
274 294 296 640 798 1161
95 413 704 1140 1141 1173
384 448 470 488 820 1172
136 186 792 819 1118 1164
92 791 1081 1107 1132 1153
78 360 433 490 1101 1182
740 859 863 1005 1069 1082
133 221 676 854 1115 1187
315 338 567 1068 1119 1183
5 550 592 865 1137 1193
211 428 529 739 783 797
597 647 708 1005 1117 1123
677 823 858 1073 1116 1187
343 455 461 584 800 929
129 153 844 1069 1100 1139
30 231 282 887 1083 1151
52 155 311 319 985 1095
807 1013 1042 1071 1095 1123
246 440 605 745 1066 1186
301 359 791 885 995 1093
437 598 953 1073 1078 1192
690 774 824 1107 1110 1161
430 999 1084 1091 1107 1142
142 465 513 603 1078 1162
451 453 602 869 1040 1195
243 402 612 743 968 977
148 214 518 828 1063 1180
20 62 382 1038 1110 1113
795 973 1018 1076 1097 1146
66 172 261 598 995 1103
129 669 918 1110 1191 1193
462 878 889 1119 1136 1146
512 657 1149 1175 1197 1199
60 170 854 1028 1088 1192
28 35 65 902 932 1102
8 53 516 614 834 1141
111 152 168 768 779 1086
47 118 165 387 536 794
298 499 680 742 1028 1109
804 899 1040 1143 1182 1194
475 690 805 1007 1009 1172
171 586 725 781 1083 1190
393 583 618 777 829 1092
304 767 1000 1088 1159 1161
208 438 488 810 831 1073
155 287 666 774 1085 1091
24 337 534 554 763 1108
32 836 962 966 1050 1181
102 282 578 746 780 1060
323 625 866 889 1065 1104
723 763 891 938 1011 1164
23 354 477 784 1014 1105
13 294 392 731 1000 1106
411 897 959 972 1097 1154
480 880 1056 1135 1143 1197
324 811 979 1077 1114 1162
238 269 924 1087 1141 1177
644 744 1016 1038 1093 1150
58 399 753 1027 1052 1169
684 940 1103 1150 1151 1160
244 535 555 743 764 1171
210 479 647 785 1137 1163
162 245 256 822 851 1158
370 992 1013 1045 1047 1075
95 380 400 1082 1085 1169
479 626 761 770 947 1031
15 225 271 860 1012 1098
215 227 483 1005 1056 1185
278 444 702 758 894 1058
11 73 310 702 974 1186
143 432 572 767 1087 1160
46 58 1082 1119 1135 1173
15 309 372 949 1017 1176
201 961 1042 1122 1165 1187
71 848 1037 1039 1050 1071
403 580 669 918 1132 1184
69 159 582 618 830 1086
327 454 467 1048 1177 1178
423 843 929 1046 1138 1157
18 184 222 816 960 1110
98 484 600 1011 1063 1181
317 465 477 565 993 1121
4 276 756 1172 1181 1195
103 431 757 1029 1123 1174
344 388 736 1042 1057 1192
52 224 259 534 1179 1190
705 821 965 1052 1148 1197
277 351 980 1007 1036 1182
122 135 782 901 928 1178
471 790 998 1027 1122 1127
34 558 970 1033 1046 1151
211 492 519 683 1156 1170
25 119 204 232 624 801
364 639 816 1062 1065 1072
188 391 970 975 1135 1185
407 648 650 719 1037 1132
109 295 655 845 1077 1188
502 896 976 1052 1155 1157
90 237 293 752 1161 1178
141 144 262 685 759 980
281 381 589 892 990 1022
89 425 616 740 1159 1166
168 711 884 944 1145 1157
77 375 967 998 1107 1162
101 248 270 994 1090 1192
43 274 833 852 934 1109
96 202 332 673 1090 1106
98 693 844 1043 1173 1183
266 550 777 830 883 1172
232 391 454 629 999 1144
930 1024 1060 1069 1133 1186
347 791 909 1071 1160 1168
185 362 405 491 1063 1134
520 716 1020 1116 1162 1174
56 179 593 596 721 1031
493 538 689 773 1129 1162
29 768 779 980 1019 1128
101 234 478 491 621 1127
156 250 1021 1059 1117 1142
220 678 1026 1088 1112 1190
146 187 920 988 1077 1124
160 645 677 864 1035 1125
316 339 812 853 960 1053
220 381 457 900 1066 1071
170 229 695 938 1057 1173
195 478 663 833 1050 1181
106 463 736 803 1102 1112
742 801 932 946 1062 1112
167 610 897 1056 1111 1141
50 161 431 1069 1179 1192
178 374 886 1023 1075 1122
264 607 746 787 1044 1193
161 336 494 760 920 1000
471 536 643 679 1013 1179
157 158 165 822 951 994
264 322 452 941 946 1052
705 860 910 956 1010 1159
423 439 734 799 1059 1078
227 468 699 826 1154 1190
617 1000 1017 1069 1165 1166
371 793 985 991 1130 1135
97 284 839 988 1038 1200
23 27 114 128 503 924
74 235 737 943 1087 1105
408 764 866 993 1078 1158
557 783 1097 1125 1153 1198
644 885 1054 1116 1129 1154
21 176 273 312 728 1109
632 716 873 907 1121 1167
75 307 485 736 992 1027
194 276 408 1054 1131 1151
559 1041 1064 1083 1130 1179
20 127 380 505 700 1118
418 515 539 1048 1124 1177
418 751 768 822 1117 1177
122 203 983 1079 1088 1168
173 308 956 1090 1117 1150
94 607 800 969 1006 1063
361 363 401 496 964 1171
89 251 510 868 899 1136
34 389 764 798 1130 1165
151 556 840 1004 1077 1123
761 995 1041 1059 1065 1104
67 608 1093 1139 1145 1184
141 169 221 300 611 1115
17 894 1070 1145 1148 1193
72 140 213 633 1080 1189
94 160 345 524 962 1099
817 866 1024 1062 1066 1091
450 499 748 948 1052 1163
583 812 891 1052 1157 1191
124 564 744 852 1059 1111
147 330 560 680 857 1041
441 513 611 872 1158 1200
533 809 1092 1096 1116 1175
67 104 501 698 738 837
111 231 436 722 936 1061
393 654 812 838 1082 1126
6 82 208 733 1104 1185
43 97 107 327 894 941
127 186 341 841 855 1177
415 794 828 915 967 1196
51 78 395 523 576 1102
501 655 755 1150 1182 1196
321 390 490 514 1051 1176
573 797 989 1051 1078 1101
280 480 511 577 714 1051
206 353 912 993 1089 1145
9 650 720 951 1145 1147
19 796 926 978 986 1072
31 476 634 874 930 1051
727 923 1070 1116 1159 1188
463 896 908 989 1053 1137
156 181 608 1076 1086 1172
113 386 700 944 987 1020
383 481 788 1056 1156 1183
8 173 870 872 1086 1104
100 154 189 1059 1138 1169
368 525 856 952
252 827 1026 1045 1110 1150
429 448 568 758 984 1022
382 469 824 926 945 969
259 450 1002 1025 1080 1132
546 735 747 770 832 1046
130 404 653 738 916 986
91 396 579 612 1073 1096
73 253 260 470 824 1152
335 446 931 1014 1093 1191
519 877 893 1085 1094 1103
39 533 714 1047 1075 1152
297 350 821 1013 1140 1160
171 328 577 642 1058 1123
41 681 1052 1095 1147 1185
205 212 759 950 1036 1101
85 218 528 695 1072 1091
55 180 489 661 1037 1074
412 506 562 675 1088 1180
482 570 588 873 1120 1194
196 377 862 877 1098 1166
318 592 1028 1116 1135 1137
124 404 649 681 846 1152
109 315 317 556 1122 1147
26 54 213 285 752 1168
456 806 813 815 1011 1060
46 146 254 358 543 1080
