397 446 483 608 640 1063
124 335 392 623 689 1094
45 445 679 866 966 1088
223 377 427 780 884 1038
108 639 716 734 816 913
405 579 595 888 1057 1061
347 411 439 593 795 981
282 482 592 656 852 945
234 523 545 670 702 750
35 97 413 808 891 1033
144 415 490 756 938 1008
205 214 314 584 657 908
101 177 365 817 848 971
3 196 270 460 477 865
134 736 784 868 1065 1162
117 338 758 823 1047 1080
284 648 654 676 793 954
596 678 733 760 796 845
85 496 919 952 1059 1181
14 53 111 468 642 998
57 308 504 803 1040 1178
1 73 597 798 1068 1138
60 547 613 661 779 959
135 145 478 489 839 956
25 109 671 721 1035 1188
33 250 539 554 964 1082
154 157 160 285 576 797
74 95 274 305 312 562
549 569 581 612 651 898
16 448 822 997 1006 1196
112 119 557 564 663 990
26 334 507 558 560 870
352 574 723 768 946 1135
44 416 629 711 726 862
128 164 447 708 965 1078
22 251 432 650 1170 1194
174 181 772 841 1101 1126
532 589 660 693 1022 1085
683 717 807 849 877 1031
189 301 409 505 773 1010
393 502 552 709 719 867
242 387 634 680 1062 1153
49 152 310 561 632 695
23 861 911 1007 1086 1156
17 180 296 467 599 696
58 231 297 399 883 1147
80 123 221 243 434 644
127 146 337 378 488 1002
241 529 611 682 838 1105
19 258 263 462 986 1097
8 289 748 818 860 1072
353 673 863 882 930 989
253 288 430 516 618 1183
32 54 149 472 1020 1024
41 88 394 521 727 1098
232 346 465 540 563 995
260 420 459 501 515 1164
65 77 213 360 375 500
534 864 921 955 996 1067
70 354 379 433 588 751
13 176 350 685 920 1166
161 583 666 857 1042 1145
61 175 491 774 871 1113
94 541 636 846 1076 1180
362 546 1015 1016 1168 1171
131 254 633 647 906 970
114 538 775 873 1058 1174
15 113 875 992 1056 1179
48 115 383 511 757 982
318 450 720 809 876 901
230 461 916 951 1013 1030
219 302 715 941 985 1004
203 268 509 649 814 1109
5 300 759 1001 1048 1133
36 298 706 788 887 1185
226 386 481 718 1083 1122
92 323 801 1032 1134 1154
50 56 320 374 530 890
102 171 215 544 692 802
86 183 278 684 896 915
222 766 831 902 1120 1191
84 150 426 905 1014 1186
475 492 571 977 1000 1159
518 627 895 899 1127 1163
220 619 851 855 917 1089
307 526 533 737 834 947
67 390 494 555 763 777
87 385 487 605 912 1021
4 322 396 699 950 987
216 570 740 745 844 1144
18 27 190 376 621 667
9 295 384 1027 1116 1143
69 121 400 443 923 1039
429 474 604 729 1149 1158
292 330 357 767 1070 1152
52 79 704 836 928 1064
246 324 614 744 962 972
20 195 572 628 658 889
344 662 806 925 935 984
287 309 754 933 1037 1046
155 458 550 791 847 1087
100 218 449 594 879 967
244 370 517 643 698 825
212 341 713 872 953 979
12 82 126 799 914 1100
62 389 408 1043 1054 1107
173 452 815 886 904 940
559 805 974 1077 1148 1165
237 688 790 934 1023 1026
68 291 368 665 1053 1055
7 140 369 471 918 926
132 404 931 1115 1140 1155
75 99 319 988 1142 1192
238 315 609 785 804 874
207 438 755 833 1137 1150
29 280 286 359 514 586
166 210 236 294 327 631
742 824 858 910 1041 1177
118 406 453 587 826 922
153 252 537 885 1167 1200
306 363 675 782 827 853
120 382 503 669 800 1009
34 93 130 418 493 707
110 185 304 456 764 1036
55 107 264 281 1017 1066
24 163 265 602 929 993
106 158 169 191 419 712
151 293 943 973 1093 1160
267 603 615 770 1018 1141
182 343 968 1074 1146 1173
345 486 567 854 958 1034
141 645 677 700 999 1197
417 466 473 900 937 1114
125 138 401 469 907 1052
248 351 498 786 939 1124
148 202 217 367 464 829
40 437 454 512 519 893
167 178 192 332 508 626
38 206 428 553 578 924
83 440 463 778 828 1102
165 208 652 749 776 944
283 299 358 528 732 961
170 269 321 364 620 1096
457 566 731 894 897 948
326 329 659 909 932 1084
66 356 542 741 837 1190
21 64 317 336 355 743
6 129 348 903 1029 1044
89 520 527 601 752 1161
606 616 725 765 783 1123
71 451 573 617 681 942
51 184 197 624 738 983
340 381 551 577 769 969
46 331 975 1003 1025 1187
43 188 224 412 668 735
229 444 513 960 991 1028
228 402 495 556 820 1169
398 543 646 1112 1125 1128
162 361 371 686 1045 1090
342 630 638 1106 1132 1172
2 506 730 739 1121 1193
122 199 325 423 598 1019
63 91 172 703 812 1092
137 147 156 590 746 1130
179 499 582 694 722 747
186 366 476 811 840 1117
136 194 225 333 842 869
30 193 257 422 810 1189
421 441 497 792 878 881
10 279 591 724 787 859
266 395 653 664 976 980
76 209 276 403 625 949
11 249 262 714 781 1131
72 470 568 701 936 963
81 116 159 211 240 978
31 139 142 198 233 1108
37 442 565 600 690 1176
96 275 548 687 728 850
39 235 316 414 691 1091
103 313 328 536 610 622
256 349 535 771 1051 1199
204 227 436 794 957 1119
522 531 607 637 821 994
271 272 372 813 830 1103
168 247 290 424 425 1069
90 133 575 819 1075 1099
47 255 273 303 1049 1060
635 655 761 927 1012 1157
410 480 705 789 1095 1151
245 311 580 710 1081 1129
98 510 524 753 856 1198
78 388 674 1079 1111 1182
28 42 200 259 391 892
373 485 641 697 843 1050
105 143 435 455 484 832
187 201 261 1005 1011 1073
104 277 479 762 880 1184
525 585 1071 1110 1139 1195
59 339 380 672 835 1175
239 407 431 1104 1118 1136
324 560 570 1008 1074 1196
113 315 357 375 441 1190
236 288 377 865 891 1158
398 414 643 915 1089 1094
446 642 760 997 1055 1075
44 114 400 842 1032 1045
191 522 586 680 971 1093
418 490 624 721 1131 1182
14 153 699 893 1169 1180
55 68 77 904 1052 1111
20 98 355 428 828 1043
172 214 280 440 856 1116
6 51 326 369 774 886
39 373 470 688 783 817
155 311 342 976 987 992
510 659 740 903 941 1147
74 163 244 900 974 1024
128 382 395 484 675 1192
70 374 423 588 881 978
99 320 471 889 950 1118
41 146 195 386 772 818
286 351 442 748 754 1062
120 387 469 729 761 1200
53 250 826 830 1082 1183
32 292 569 869 920 1167
139 206 319 713 835 1090
18 229 457 756 1064 1138
7 10 307 682 717 923
3 187 340 660 706 1086
291 690 728 800 861 1171
224 287 348 839 1034 1198
259 608 634 936 1005 1099
239 392 577 737 767 962
26 246 696 725 801 963
323 389 606 652 681 938
314 693 779 989 995 1048
66 81 129 308 589 741
371 595 687 781 876 1122
170 186 222 762 777 1103
21 62 532 1041 1053 1108
184 220 265 727 735 1113
331 345 460 478 732 794
121 141 435 480 527 1021
131 228 366 420 524 631
256 406 491 654 898 1025
258 465 495 618 859 871
482 499 771 863 912 914
169 290 594 848 1042 1112
210 339 455 612 620 625
30 35 534 593 866 1107
334 354 426 656 790 1013
545 649 806 960 966 1011
25 118 289 810 1132 1179
40 63 188 573 576 1081
466 476 819 855 1114 1156
297 436 578 651 770 924
140 158 269 788 958 1035
205 683 846 926 1056 1137
127 204 456 648 724 816
194 255 268 575 672 940
108 278 453 477 714 1016
160 235 475 535 739 873
22 251 789 964 983 1007
267 332 934 986 1000 1193
335 372 554 778 851 1054
46 673 674 812 1026 1126
43 219 298 346 1069 1096
89 270 567 758 895 1073
83 306 370 827 897 943
159 388 416 488 636 1018
2 126 507 622 645 961
28 347 449 565 611 808
42 209 422 434 539 1133
201 242 511 669 734 775
549 637 646 700 814 985
341 443 746 823 1078 1134
145 419 553 703 716 880
368 410 461 502 980 1187
19 76 514 733 1040 1178
100 123 199 349 885 949
15 16 257 328 409 712
91 179 296 396 492 946
322 367 722 815 907 1033
104 272 433 566 764 1002
743 1010 1022 1036 1038 1068
143 710 1019 1044 1091 1199
216 350 425 614 629 773
48 84 174 500 547 616
181 245 458 663 854 1105
192 247 609 813 984 1130
105 149 238 330 832 908
384 481 557 957 1080 1084
27 380 467 630 701 877
231 503 792 944 1001 1015
45 390 424 759 911 1154
167 385 508 615 862 948
438 528 776 844 939 1004
13 36 178 493 515 525
189 360 548 582 597 711
496 628 765 768 959 1037
200 313 517 850 883 1162
581 766 798 802 857 935
217 218 536 720 750 896
202 318 463 579 601 1139
112 526 786 837 875 1123
487 999 1110 1143 1166 1194
448 604 738 1003 1029 1051
325 512 563 1109 1150 1160
102 253 344 474 509 1175
175 225 529 538 543 981
12 134 486 635 707 1117
115 264 285 752 755 1079
233 329 447 518 531 972
65 138 519 751 849 1157
352 362 718 910 970 1088
294 450 650 747 811 1128
252 383 454 925 1058 1172
75 183 405 1119 1141 1163
31 226 281 598 671 1197
29 56 96 485 590 1065
317 363 667 698 757 858
93 408 795 799 1120 1195
176 241 401 621 1030 1100
61 415 439 664 708 1104
585 704 782 838 870 1102
402 464 513 540 930 1177
34 111 243 685 932 954
80 780 927 967 1071 1106
1 11 677 955 1012 1168
276 600 705 868 1092 1098
24 85 110 164 378 437
168 261 274 991 1009 1085
135 154 647 689 921 1155
122 142 483 916 969 1174
49 198 234 381 562 580
125 413 591 730 853 1101
59 165 180 193 804 1186
54 137 784 840 928 951
67 79 550 1057 1144 1181
171 427 432 882 1014 1135
9 564 613 695 807 1076
58 248 403 644 655 1188
4 107 197 888 906 1159
90 505 568 892 1059 1140
86 312 587 639 745 1165
166 190 640 694 833 1047
52 78 293 864 929 931
271 302 933 988 993 1070
266 417 982 990 1031 1046
207 240 523 658 937 953
82 301 394 626 668 831
57 64 73 185 793 956
95 249 343 451 968 1027
156 211 254 559 787 1189
37 555 726 829 879 1121
431 599 602 617 998 1136
147 237 304 337 633 1151
60 72 263 459 824 917
275 365 572 592 665 919
94 230 260 541 845 1039
177 279 506 973 1061 1127
161 544 736 899 947 1161
133 473 521 821 1145 1185
596 607 753 872 996 1173
8 356 638 878 913 965
117 303 809 820 994 1097
203 215 546 918 1050 1083
87 116 479 697 731 894
69 397 520 610 977 1060
88 148 321 825 945 1152
430 444 452 489 558 942
305 501 702 742 1095 1148
33 282 391 497 676 822
47 130 445 632 1142 1146
101 310 316 686 805 1063
533 561 709 763 803 901
97 277 283 358 498 1072
173 338 791 847 860 979
273 353 719 834 841 1149
106 136 407 421 429 551
23 284 379 404 723 1077
109 124 157 462 1028 1184
103 472 670 691 796 887
132 605 641 653 884 1124
212 623 975 1020 1066 1191
71 504 619 679 867 1129
182 376 542 583 1049 1087
17 38 50 359 412 749
213 361 662 744 785 797
119 151 494 836 890 1164
262 530 574 874 1067 1170
162 208 221 232 627 1017
227 309 468 516 556 769
144 152 300 411 603 1115
223 552 571 657 715 922
92 333 692 902 1006 1125
327 364 678 909 1023 1176
5 196 295 537 661 684
150 299 336 843 952 1153
393 399 584 666 852 905
42 465 499 611 1151 1170
98 149 167 218 470 1066
496 713 720 913 977 1028
17 65 108 155 368 525
117 213 267 790 828 1133
129 152 307 341 472 706
244 421 617 755 778 868
608 843 893 926 980 1171
411 523 727 902 911 912
342 377 453 714 1077 1109
673 737 813 841 1095 1168
413 548 663 994 1085 1174
372 462 526 560 648 687
103 128 395 1015 1048 1058
27 345 394 417 599 604
26 326 480 775 973 1012
2 95 174 371 887 988
296 318 551 552 561 756
22 527 545 572 742 791
130 379 958 968 1123 1185
30 79 230 271 534 1187
82 195 524 814 1084 1162
146 234 338 558 794 859
232 350 444 627 638 810
162 428 443 874 934 1156
187 241 768 800 827 880
235 431 580 680 1088 1114
131 316 536 630 651 1180
94 335 492 616 1067 1175
250 582 782 832 927 1147
13 401 502 619 670 701
66 243 516 659 786 1107
136 248 418 500 774 981
15 535 718 812 923 997
71 153 229 290 398 1127
246 347 387 665 873 1157
110 589 751 1051 1064 1070
222 313 647 835 858 866
36 170 277 339 974 1083
269 463 771 833 990 1198
6 303 1105 1116 1126 1142
490 493 686 696 779 799
25 127 265 809 824 1153
44 402 430 555 709 838
414 442 615 818 1039 1059
161 889 906 1006 1031 1122
474 628 767 1052 1086 1136
74 75 285 304 537 1181
279 456 495 593 895 1186
109 124 231 521 845 1010
23 72 221 579 904 1098
399 675 736 764 885 967
40 178 365 565 861 976
139 169 172 299 477 933
282 382 454 679 773 1026
51 182 227 867 909 1090
168 409 510 789 1003 1055
513 574 594 618 690 1025
140 332 487 509 533 1056
104 160 281 362 549 1034
150 292 644 754 798 1194
194 257 340 416 689 1154
37 259 410 458 564 1191
99 106 245 562 1097 1110
81 97 698 942 1152 1177
3 96 294 305 783 1111
613 821 876 961 999 1020
31 302 375 488 710 739
539 823 846 883 939 1030
1 352 380 554 1062 1148
317 351 363 598 1005 1043
151 429 514 639 660 780
12 35 134 224 711 746
216 576 704 851 966 1019
396 646 917 936 972 1040
575 757 765 839 1022 1046
87 226 715 740 924 1146
203 329 556 607 1125 1128
120 308 360 571 724 1195
163 287 355 553 1073 1117
52 268 894 983 987 1092
364 437 672 852 951 995
181 481 609 691 945 1165
107 392 517 655 930 943
61 101 654 681 811 865
29 261 469 707 729 836
5 389 731 760 853 957
114 260 898 1044 1144 1149
41 212 253 374 776 1115
138 461 692 763 925 1036
385 486 546 633 684 753
10 80 400 415 478 1192
315 349 471 588 642 1072
215 278 306 595 636 892
118 381 503 614 728 830
494 592 632 825 854 975
105 193 541 998 1021 1069
504 507 578 683 749 871
233 275 512 566 656 1102
263 357 1013 1016 1087 1197
28 173 328 733 938 1014
288 621 676 928 1089 1093
459 501 543 781 795 847
123 126 422 440 907 922
142 171 404 506 761 953
43 383 391 557 796 1032
60 63 115 438 452 842
202 225 610 708 744 815
353 361 964 1121 1182 1183
49 276 568 624 935 1018
159 327 434 929 944 970
54 143 188 331 777 834
190 239 441 505 532 732
191 266 597 622 807 914
91 522 600 699 855 1150
64 641 819 869 1078 1130
53 211 286 333 367 702
70 113 324 325 591 685
272 489 725 900 1045 1060
67 125 135 650 1159 1167
47 92 176 403 479 700
121 309 320 466 752 1027
133 623 735 831 891 985
300 311 587 605 955 1053
102 223 283 629 870 1196
373 528 601 946 982 1002
214 354 455 634 963 1119
46 336 530 1009 1099 1132
55 334 445 992 1024 1035
447 878 979 1094 1104 1189
7 273 291 738 949 960
210 219 468 590 626 921
16 21 559 661 664 879
424 435 475 989 1135 1155
158 519 637 802 969 1140
56 68 77 674 837 1141
45 280 717 766 801 993
378 423 511 653 888 896
19 38 314 407 581 971
419 649 671 864 1049 1161
89 198 240 264 330 643
157 464 483 657 806 1184
18 59 189 284 426 877
716 897 1011 1075 1139 1145
583 606 677 743 882 1172
144 184 252 849 919 932
33 228 425 803 875 884
100 662 678 682 952 1143
563 693 694 712 1001 1042
73 538 667 918 965 1047
85 247 295 498 640 817
90 695 856 991 1017 1029
76 236 405 412 420 741
180 208 293 297 531 1158
319 450 769 996 1091 1188
58 356 625 950 1120 1164
237 436 570 652 788 959
48 62 485 730 1057 1179
20 39 262 346 518 905
78 312 406 577 734 1129
255 688 719 747 1169 1190
165 179 408 439 726 750
83 148 473 748 784 1068
301 448 857 890 948 1163
196 323 631 822 915 1096
242 482 669 722 937 1193
270 529 770 848 850 886
116 141 348 612 931 956
32 205 547 805 808 1050
4 258 289 390 602 1000
145 298 310 366 550 1134
8 254 397 745 804 1081
93 978 1065 1074 1173 1200
249 785 903 986 1061 1082
111 166 321 508 1080 1106
476 603 658 705 901 1101
204 206 386 758 759 826
256 393 433 697 1079 1199
24 119 207 359 376 916
86 164 484 840 940 1176
9 358 449 544 941 954
88 388 772 860 1033 1076
69 199 569 585 820 863
183 274 451 962 1108 1160
34 209 515 762 844 872
122 137 154 542 1041 1054
177 792 899 908 1124 1137
369 460 596 797 910 920
11 432 584 881 1008 1038
156 200 457 620 793 1166
50 573 586 829 1037 1100
84 112 175 446 721 787
14 57 147 723 984 1131
132 197 384 540 567 635
467 703 816 862 1007 1113
185 337 370 645 668 1004
192 217 251 497 520 947
220 427 491 1071 1112 1118
201 343 344 666 1103 1178
186 238 322 1023 1063 1138
