88 112 231 294 492 906
281 701 817 836 876 1030
5 60 289 473 589 943
372 436 534 890 905 958
15 172 402 927 1031 1081
9 91 235 633 1095 1182
133 153 674 717 751 904
66 119 160 703 810 926
73 115 261 567 749 934
243 427 514 538 834 1023
161 273 601 643 695 1194
85 264 476 493 721 1056
180 217 414 568 619 711
544 644 670 840 1025 1141
602 730 742 803 1015 1109
43 127 286 592 774 1090
178 241 284 344 583 1008
116 134 509 582 820 964
199 728 867 936 1035 1151
53 56 124 381 762 979
324 361 433 532 708 1179
571 591 735 827 1003 1018
28 312 712 782 859 865
75 228 333 700 864 1057
77 166 195 416 621 1168
338 411 498 1032 1153 1155
89 129 258 972 1060 1084
189 376 731 767 928 1136
277 382 757 763 778 1040
13 468 539 891 919 956
70 83 177 483 957 1187
693 755 984 990 1077 1176
155 283 448 519 565 578
51 215 457 648 849 1154
367 401 405 530 788 907
87 738 748 805 929 942
2 275 447 467 649 961
113 288 462 606 899 1036
86 308 422 1042 1178 1191
375 439 464 704 946 1061
69 254 409 560 991 1137
103 305 548 561 819 1026
371 432 733 800 850 1166
268 309 479 488 772 948
175 181 296 504 901 1126
496 525 546 655 706 974
65 118 314 618 1059 1140
59 332 542 769 976 986
152 162 326 1019 1092 1096
359 445 459 563 745 1039
47 318 335 358 668 830
58 355 369 716 750 754
42 408 529 758 787 1058
93 515 588 727 1051 1132
213 259 527 1062 1082 1198
4 352 362 553 659 1049
8 406 584 779 795 860
174 242 285 647 660 1052
351 357 739 1000 1004 1152
200 481 808 855 1128 1189
197 322 330 392 559 671
313 709 881 888 923 1094
353 491 610 854 1065 1076
219 278 581 641 823 909
72 188 482 952 971 1115
379 396 425 497 848 993
251 306 417 846 973 1144
94 669 775 975 1024 1134
194 206 603 821 992 1009
1 221 628 689 960 1157
182 210 393 640 947 978
29 829 893 949 1101 1170
337 510 835 1105 1148 1150
7 17 61 222 385 1006
145 556 595 642 967 1033
249 612 632 765 1088 1200
265 270 839 1125 1133 1173
227 248 345 441 1165 1172
49 55 1020 1066 1104 1149
71 662 784 1028 1050 1054
26 298 329 434 455 794
3 138 637 723 771 1160
74 92 274 574 658 980
21 31 130 512 635 910
23 211 214 252 311 631
256 511 566 828 861 1119
233 535 613 699 718 987
25 208 543 558 577 732
366 615 684 869 873 1184
489 570 657 768 995 1158
245 791 940 999 1011 1098
120 540 639 645 851 1069
62 300 450 617 824 1159
342 550 802 845 981 1186
159 163 516 661 889 959
280 1067 1087 1091 1107 1121
262 301 374 667 713 816
271 391 412 998 1005 1112
293 419 551 573 789 1064
131 250 505 630 842 977
45 236 323 485 790 1117
102 171 307 331 710 726
81 290 334 518 872 874
203 656 814 1022 1113 1161
40 257 339 418 456 921
36 388 451 743 756 920
32 651 1073 1163 1164 1175
84 216 327 494 522 1196
523 541 770 866 931 945
191 400 443 508 766 983
226 354 579 654 720 950
68 157 347 503 672 882
346 688 1063 1120 1130 1177
356 460 486 725 811 1147
33 52 107 502 586 1108
20 360 580 675 843 1085
101 165 575 734 883 994
472 521 664 705 804 951
19 321 585 818 1048 1183
148 315 364 520 690 777
37 650 856 996 1070 1169
12 666 707 895 933 1122
14 336 394 469 917 1038
44 764 786 1010 1046 1124
64 173 317 428 914 918
24 99 437 537 620 1143
57 167 247 461 1106 1127
225 238 426 857 1002 1129
246 500 524 736 938 1078
48 98 291 507 576 954
126 383 760 997 1156 1171
35 164 465 652 1131 1180
100 722 747 970 1034 1072
97 681 715 880 1007 1047
205 224 629 937 1123 1193
183 212 403 471 474 806
114 466 627 785 844 908
46 50 122 207 413 487
398 410 759 797 953 1045
229 276 349 773 988 1080
63 90 424 694 832 853
150 310 480 884 925 1075
27 220 513 685 897 963
76 154 304 435 506 533
18 470 545 636 985 1053
79 452 692 815 1029 1037
11 421 429 484 594 941
123 572 638 680 1013 1135
6 54 190 614 625 809
105 111 877 892 915 1111
230 611 679 801 939 1114
141 143 146 420 862 922
109 187 373 587 841 1071
350 463 501 555 665 966
110 121 237 319 444 1197
34 590 608 622 1014 1086
136 185 240 279 968 1055
365 404 554 780 838 944
38 653 683 878 902 935
569 663 737 885 1017 1116
78 442 536 557 598 916
41 95 125 218 255 1145
597 719 798 852 1110 1181
158 176 204 431 870 903
39 104 106 282 564 969
96 132 752 886 1167 1188
16 117 244 348 604 1089
137 234 377 499 825 1097
144 389 446 624 696 776
67 142 253 266 368 783
384 616 626 965 982 1185
10 192 292 316 634 686
82 239 399 495 599 796
169 698 822 868 1146 1199
151 186 295 682 793 1139
149 260 475 609 887 1074
139 198 423 517 687 761
80 170 378 395 600 677
209 341 490 547 552 900
325 623 792 863 879 1100
272 297 440 605 697 1118
380 477 607 678 1012 1044
30 812 894 924 1174 1195
196 232 267 299 691 1142
193 269 753 826 1001 1079
140 147 407 858 913 1041
179 370 673 831 911 1138
287 387 799 847 1099 1102
184 263 438 454 528 646
128 168 223 397 807 896
302 386 458 744 833 871
202 303 430 741 955 1021
363 415 562 1103 1162 1190
328 343 478 676 898 932
156 453 740 781 989 1068
526 702 875 930 962 1027
201 390 531 549 724 1016
135 593 1043 1083 1093 1192
320 449 596 746 813 837
22 108 340 714 729 912
296 357 838 1087 1157 1170
234 290 310 735 1049 1138
105 277 689 992 1037 1039
102 162 164 190 261 637
470 477 525 782 923 1096
170 320 813 925 1004 1098
241 608 848 975 994 1187
248 456 465 553 579 1195
36 124 675 793 985 999
334 351 438 479 520 1106
331 574 580 639 816 1200
69 74 127 249 620 1029
133 257 330 396 628 818
254 350 455 613 626 684
483 502 524 543 814 1171
194 415 687 875 993 1018
14 239 606 764 807 941
55 341 410 417 855 1027
62 429 631 672 961 995
118 619 777 979 1031 1079
19 158 414 757 829 1178
541 767 784 810 929 1153
147 182 349 567 847 1019
15 293 321 329 1054 1135
47 50 474 503 602 1005
25 359 765 1012 1024 1180
201 381 662 664 1099 1155
163 273 324 436 1040 1128
340 604 659 682 997 1152
130 301 705 749 750 1186
274 661 889 1050 1166 1197
100 165 256 566 828 888
346 404 722 1093 1142 1188
281 339 694 819 840 1092
11 98 186 311 366 862
215 233 354 930 1168 1175
141 656 967 1072 1146 1165
42 378 759 842 927 934
209 411 450 513 570 738
114 535 742 826 1067 1125
571 603 702 846 1095 1154
266 275 384 834 955 1022
255 268 270 657 752 857
149 536 582 825 895 1021
568 581 706 891 982 1109
2 97 361 442 804 962
28 175 222 327 616 1065
316 599 795 867 899 1129
447 501 907 1091 1097 1116
207 398 632 727 833 882
203 309 508 796 808 903
30 388 549 648 896 1161
79 137 485 584 667 729
198 230 238 412 597 797
76 260 413 495 526 719
538 690 745 786 954 1147
4 88 171 464 1009 1115
24 115 299 712 723 1075
12 86 119 562 614 755
18 202 386 425 697 1103
21 57 72 432 822 933
161 180 421 539 598 870
145 226 227 666 821 1084
472 488 589 713 737 798
53 894 969 1036 1055 1148
279 306 586 741 911 1082
41 453 475 490 624 823
213 458 769 1047 1073 1193
189 208 315 419 686 1032
68 101 313 517 569 698
92 507 681 853 1026 1088
123 643 670 691 776 1120
506 622 747 806 926 1143
6 135 629 928 966 1056
323 377 434 913 1061 1173
58 211 379 387 918 1182
3 156 364 612 693 940
153 204 326 531 577 794
489 636 809 956 1048 1121
173 184 594 885 1025 1145
263 505 949 996 1144 1149
116 120 152 370 707 771
110 397 498 901 991 1059
192 221 811 897 905 1102
142 406 646 718 758 914
168 494 547 556 865 988
56 289 373 440 600 937
188 218 292 724 946 1020
1 185 394 748 850 1123
104 132 385 519 964 1001
134 963 1117 1130 1183 1184
109 224 371 564 621 678
29 463 554 572 953 1011
112 363 460 623 730 1108
75 304 418 849 852 950
253 515 528 537 836 917
22 408 441 588 831 861
45 83 85 89 638 642
54 95 880 965 984 1066
245 368 393 457 1083 1140
34 493 512 560 596 781
401 430 716 762 812 1132
240 634 644 650 851 902
294 487 595 799 877 1164
82 348 701 900 932 1003
521 532 774 785 820 1190
40 157 259 298 824 1198
297 345 500 591 1010 1185
7 250 428 625 773 1113
38 64 546 789 863 1114
220 427 783 960 1089 1194
65 187 497 679 843 1172
37 117 333 744 754 1068
33 181 183 544 645 1034
78 111 242 509 1159 1179
676 944 947 1042 1069 1141
151 232 448 884 1008 1104
103 416 627 673 761 938
335 344 530 704 951 1118
155 555 683 873 1090 1119
150 236 688 746 893 973
217 307 389 523 700 775
32 235 282 725 832 990
336 391 668 1033 1057 1076
44 108 219 295 318 647
433 486 534 715 734 858
48 196 358 468 971 1080
94 308 337 352 461 763
129 172 200 952 1063 1156
49 121 372 492 714 883
392 403 563 660 1131 1174
46 262 445 610 1078 1177
59 139 449 478 601 1100
258 551 649 987 1045 1192
8 285 312 890 1127 1163
271 291 552 677 970 1077
90 169 246 399 751 766
73 106 437 511 559 886
84 325 422 471 709 939
176 178 216 251 499 1111
80 107 197 540 772 910
210 212 374 721 887 1052
77 96 140 144 732 1028
16 561 607 699 739 989
113 195 214 514 1105 1126
402 420 881 935 977 1158
154 367 405 409 658 945
27 166 482 728 1016 1112
87 593 605 615 792 981
383 439 844 922 968 1094
338 522 652 680 770 835
496 542 585 779 924 1070
126 286 617 635 1122 1181
243 322 480 630 864 1013
138 237 353 473 753 830
39 128 332 484 1030 1176
191 578 733 780 1006 1060
303 382 695 708 839 1071
52 146 342 343 916 1044
61 288 510 696 1046 1107
13 174 272 283 803 1191
355 462 685 837 872 958
122 314 423 845 906 978
205 223 229 740 904 1038
35 611 674 841 856 957
206 426 565 731 1139 1162
193 300 575 859 912 972
99 365 743 959 1058 1064
131 177 278 641 866 871
20 93 424 444 651 909
148 400 504 529 801 1134
67 265 269 360 362 665
179 247 431 778 921 1150
287 533 711 802 920 936
317 710 760 860 1017 1169
70 167 328 791 943 998
17 469 787 898 915 1035
476 573 609 640 671 1085
5 63 576 756 1007 1189
160 443 454 892 1014 1137
51 91 446 618 720 817
319 550 876 908 1043 1053
264 347 395 653 827 868
125 199 726 1081 1110 1160
231 390 435 663 805 1002
276 518 983 986 1133 1151
10 31 143 548 1023 1136
252 527 592 654 768 1101
26 66 466 655 874 1015
380 407 590 703 790 1086
356 516 587 633 854 1199
280 481 558 788 815 942
375 376 459 1000 1051 1167
225 369 491 692 869 919
302 557 717 879 931 1041
23 136 244 467 583 980
43 948 976 1062 1074 1124
60 71 305 878 974 1196
228 284 451 669 736 800
9 81 159 267 452 545
36 99 820 848 1108 1136
156 178 388 700 823 943
29 671 812 981 1076 1151
404 493 845 1059 1100 1107
338 406 506 635 646 697
481 629 883 1009 1129 1152
312 434 706 710 1006 1185
121 488 781 879 899 1125
58 197 345 544 925 1145
69 136 139 611 754 920
82 472 565 828 938 1036
39 315 627 642 698 730
138 339 436 739 975 1080
61 307 408 701 764 1043
120 461 942 1099 1105 1140
54 173 350 793 1127 1186
15 432 551 826 1082 1119
208 628 684 843 931 1114
415 528 657 660 665 1124
10 385 460 650 666 794
79 297 567 572 661 796
450 687 740 881 1048 1180
53 187 257 389 467 941
201 281 330 537 1117 1191
4 305 473 702 753 1142
12 533 549 609 617 689
102 246 438 805 849 945
313 426 485 648 751 818
2 106 134 835 882 1081
22 425 681 1021 1120 1194
267 501 808 856 900 1050
429 447 470 550 718 1078
202 569 680 720 959 1111
177 359 838 846 873 1149
60 357 445 545 708 908
218 409 444 949 968 1098
65 97 499 986 987 1063
150 234 271 402 1013 1062
308 340 360 786 1045 1166
253 296 693 907 974 1193
109 316 386 712 721 926
486 694 891 1018 1135 1139
321 367 500 568 776 1000
255 289 410 534 667 1123
110 126 298 602 620 705
71 91 137 171 564 692
48 149 279 625 760 991
93 223 235 613 958 1060
211 328 735 825 865 1084
496 595 639 895 1017 1163
152 221 686 711 990 1041
26 441 497 727 813 910
265 454 554 670 956 1014
146 358 378 597 722 1187
64 594 827 862 993 1184
33 123 133 240 258 608
34 411 688 810 841 992
52 62 294 756 905 1090
322 480 638 871 1068 1148
260 733 837 978 1047 1070
11 374 821 863 1057 1087
50 153 319 325 599 672
94 179 520 789 940 1073
188 190 437 556 571 972
19 237 302 398 1032 1091
8 427 724 896 1030 1106
51 362 489 521 844 1155
185 266 288 581 840 904
78 233 449 769 815 939
105 181 354 448 606 1040
244 779 824 864 1053 1192
160 395 622 746 988 1177
375 513 630 715 866 1197
83 399 468 561 914 1007
20 326 455 463 766 889
264 412 1005 1049 1093 1174
114 215 616 1011 1039 1054
155 248 516 592 957 1008
6 159 913 965 994 1042
90 231 268 867 1164 1178
310 563 737 854 860 1146
72 366 532 768 868 887
68 333 452 798 833 1051
209 699 836 944 1023 1037
89 219 371 577 598 985
206 216 610 652 806 1044
18 43 161 515 675 886
96 392 405 649 662 969
147 167 213 582 888 1027
259 311 414 744 983 1158
21 103 158 522 586 783
16 212 238 295 559 1147
174 704 778 1038 1088 1113
280 495 510 651 906 1121
335 368 517 679 933 1161
104 251 261 653 774 816
66 446 508 973 1025 1128
74 226 229 369 623 644
81 119 278 382 390 509
25 145 196 588 847 1094
128 249 596 621 1130 1171
451 716 755 947 996 1110
17 27 725 788 1003 1015
108 433 654 885 929 1029
131 393 435 453 707 719
117 236 291 300 677 1165
241 285 314 557 1109 1131
42 164 498 531 570 758
24 28 542 615 1162 1189
113 162 186 631 659 1154
165 283 293 492 911 935
1 242 546 691 997 1004
3 140 331 714 948 1085
67 84 853 1069 1072 1115
148 466 562 575 643 967
86 239 560 803 897 953
87 180 655 829 984 1083
243 247 318 477 695 858
548 553 683 919 1034 1134
607 738 741 842 998 1167
282 440 932 989 1033 1181
175 348 391 423 637 1157
45 469 674 685 1024 1138
88 401 601 790 801 834
23 430 464 518 593 961
220 304 624 785 852 1026
204 465 503 619 682 1010
284 353 555 791 890 999
502 547 633 1104 1116 1132
494 664 795 1022 1028 1101
115 135 400 525 578 869
373 747 811 892 893 955
76 125 539 709 1052 1199
38 183 272 587 850 1055
210 225 286 538 901 1176
252 379 512 618 763 977
31 95 191 417 421 930
35 92 377 403 579 645
287 459 479 604 765 874
323 583 736 777 921 979
124 320 419 877 927 963
47 217 831 954 1086 1153
189 228 299 418 830 1067
129 182 376 797 884 960
141 347 394 909 970 1056
14 98 166 184 203 591
372 855 902 976 1058 1179
142 170 275 290 428 511
199 612 982 1019 1103 1183
49 397 476 535 696 1092
262 303 396 573 580 634
112 250 614 872 922 1046
143 195 543 600 743 924
356 484 771 1016 1137 1150
77 168 456 475 748 1071
73 381 529 802 832 870
351 458 540 726 729 1126
56 270 413 523 759 767
457 717 775 1012 1074 1122
269 462 713 1089 1133 1188
342 407 770 1144 1190 1198
9 70 491 505 584 752
172 317 334 384 1075 1159
44 122 332 566 1143 1182
200 263 504 524 878 1200
5 13 55 784 807 1002
232 254 277 669 780 861
224 632 809 880 898 923
194 309 346 690 773 937
100 352 416 673 676 1173
30 57 75 383 483 749
169 207 273 276 329 678
40 422 742 745 817 916
59 647 839 918 936 950
380 487 585 590 732 814
132 626 762 772 792 1195
85 154 424 1095 1169 1170
101 107 205 482 658 728
230 507 605 995 1077 1175
163 343 804 875 894 1001
144 603 641 734 946 951
663 723 731 761 851 1035
41 80 344 527 640 912
198 442 552 656 952 1020
364 387 478 514 574 1061
130 193 536 782 819 1066
7 116 127 363 1112 1196
157 245 256 668 980 1141
292 337 876 964 1118 1168
32 306 519 589 636 757
46 341 474 541 934 966
222 355 439 576 971 1102
227 327 349 471 750 1096
111 176 490 857 962 1097
63 301 443 799 1064 1065
118 365 530 822 859 915
370 431 526 558 903 928
192 361 420 703 1031 1172
37 324 787 917 1079 1160
151 214 274 336 800 1156
