217 408 538 575 1026 1164
498 707 761 772 837 1178
89 403 679 696 716 812
131 205 348 609 732 1134
204 214 417 420 704 1024
60 434 478 564 1034 1100
19 212 340 439 523 635
134 147 294 631 1068 1070
32 72 103 601 689 849
231 247 302 378 426 1141
41 139 779 929 1051 1191
138 276 367 939 1002 1109
221 358 528 647 769 819
25 151 233 657 998 1036
186 509 737 946 1020 1200
37 441 726 848 901 1057
24 195 464 712 745 907
13 210 211 240 616 1062
182 374 411 549 762 1063
142 519 753 791 958 1140
124 127 290 642 747 790
466 572 584 824 858 1009
137 232 242 356 730 909
173 309 389 766 935 1090
68 123 175 501 799 1175
148 166 258 1058 1065 1153
118 384 543 573 1028 1107
55 97 316 672 765 1126
446 541 771 793 855 892
321 413 418 684 714 783
531 794 915 1018 1095 1138
588 700 852 853 1093 1172
22 26 169 462 552 589
256 339 456 517 1013 1016
430 432 620 646 1088 1155
159 209 273 329 375 542
160 272 458 578 717 1083
101 281 427 604 694 835
372 396 590 878 977 1163
61 246 362 406 410 991
177 404 621 735 905 1182
266 675 677 1035 1097 1159
16 196 265 351 565 1148
11 380 388 930 1077 1147
322 350 502 755 809 1023
274 499 511 529 876 1005
259 267 288 472 611 1078
344 349 586 608 680 1150
153 346 369 797 1040 1174
368 481 659 861 948 1004
81 191 581 888 972 1048
260 328 419 482 736 1117
617 859 984 989 1049 1196
78 125 140 342 705 940
4 145 637 806 864 1145
47 66 495 518 610 993
558 622 669 686 758 987
193 207 261 894 921 1154
167 323 480 746 788 834
10 102 229 568 950 1168
59 189 489 676 810 970
187 301 409 532 560 602
213 713 776 831 891 918
467 668 774 805 899 1105
300 326 365 551 780 1031
490 652 706 911 960 1043
282 314 395 465 959 1075
327 474 533 836 857 879
56 571 665 820 932 1060
287 354 527 559 1099 1101
119 359 453 455 537 1073
50 438 633 731 742 767
49 218 347 569 638 1158
179 238 741 803 999 1106
92 152 341 370 491 1121
215 473 505 872 1029 1067
110 114 201 224 678 804
38 58 251 545 832 873
245 749 889 898 922 1089
254 392 496 781 868 1102
63 75 407 618 718 1098
583 649 777 863 1059 1181
17 42 429 630 1146 1176
353 412 913 1007 1074 1128
155 460 508 648 701 986
141 146 330 363 399 789
379 900 944 1054 1096 1162
180 252 425 522 624 1076
163 184 306 597 778 957
289 492 721 920 953 1187
373 757 870 871 1165 1195
421 440 483 547 979 995
108 607 639 681 869 1125
168 279 405 556 587 641
216 335 428 553 656 1025
164 507 512 973 1112 1136
250 293 371 415 520 902
120 357 506 823 1157 1180
121 449 709 884 990 1039
64 202 271 539 685 1008
391 544 614 763 897 983
69 530 625 698 1010 1064
100 333 719 723 880 1197
386 784 1019 1110 1144 1167
62 67 128 839 1045 1184
243 599 842 850 919 994
27 43 200 394 720 954
192 337 454 514 550 786
129 226 510 934 1079 1161
237 278 332 504 579 949
275 397 673 980 1052 1192
264 270 381 650 1046 1132
21 45 74 116 554 1194
31 144 222 536 883 1137
305 319 393 942 1069 1108
7 105 236 978 1173 1199
170 524 535 697 1071 1190
57 161 503 521 658 927
53 821 840 956 1044 1081
594 644 692 770 1055 1189
324 437 574 887 1038 1186
244 662 828 874 937 965
76 157 299 750 754 1103
33 234 361 433 744 862
248 494 724 764 951 1094
98 132 206 1015 1116 1183
93 104 154 203 931 1142
165 311 317 463 591 655
54 111 661 722 751 1198
85 315 603 708 792 866
96 461 488 626 703 759
292 424 598 613 733 860
91 382 562 976 981 1003
133 230 479 798 830 1122
15 185 304 967 1127 1151
34 39 70 149 360 1188
194 476 526 585 682 947
12 82 477 847 908 1082
295 546 711 795 822 963
107 171 176 312 377 1131
40 257 303 469 945 1042
99 760 787 926 1177 1193
172 285 459 782 1030 1086
46 109 451 807 865 962
48 320 660 829 910 1056
5 158 893 961 968 1115
2 6 90 269 595 996
277 563 654 664 768 925
30 352 385 623 651 992
366 376 525 687 785 811
225 422 442 739 1066 1170
20 307 423 557 814 845
83 331 605 729 877 1033
468 640 943 1011 1021 1080
36 183 775 875 924 1179
298 645 695 773 895 1061
112 197 338 688 886 1050
325 470 690 748 841 903
162 450 567 974 1123 1130
23 181 336 431 826 1118
1 51 663 964 982 1037
84 208 612 985 1113 1143
113 174 555 643 936 941
383 443 447 593 928 1017
65 80 606 854 906 1012
73 249 291 515 691 715
284 452 475 756 796 1124
497 725 916 955 997 1149
71 345 444 693 702 843
3 457 513 592 1006 1119
18 77 106 255 286 414
9 94 122 126 801 815
79 115 313 914 917 1091
8 228 580 743 969 1092
178 493 734 813 885 1111
117 241 318 398 401 435
343 436 856 966 1085 1171
95 486 833 838 971 1114
262 487 670 738 1152 1156
471 802 881 896 1041 1072
310 516 534 628 674 988
219 615 632 634 867 1129
29 188 561 710 844 1053
402 484 577 627 825 1104
35 600 636 818 882 1000
130 263 296 400 728 1185
235 653 699 808 1001 1047
14 136 280 671 740 923
198 223 308 540 975 1160
28 143 576 827 904 952
135 387 582 596 1027 1133
334 364 619 683 890 1084
220 253 268 355 570 846
500 566 629 752 938 1032
52 88 227 297 485 1166
86 416 448 548 817 912
190 390 666 667 800 816
44 283 445 851 1014 1139
87 199 239 1087 1120 1135
150 156 727 933 1022 1169
22 136 501 774 1026 1055
127 132 433 608 752 953
178 292 299 447 733 1198
346 632 713 868 966 1084
307 312 365 577 783 969
361 385 407 599 921 1147
381 592 896 944 1103 1170
831 846 862 970 1024 1143
247 515 591 636 685 697
271 296 305 765 997 1064
422 479 556 561 667 670
306 414 542 574 848 940
523 602 663 711 761 1110
272 301 451 623 639 775
379 565 855 875 965 1167
64 108 109 304 458 1054
219 441 569 840 898 1008
245 342 452 518 562 1036
12 357 443 482 615 954
265 546 717 909 936 991
112 344 694 803 853 1145
230 450 475 900 1031 1038
403 564 755 793 1033 1046
30 472 769 833 1088 1115
27 625 874 917 1004 1117
268 402 668 708 715 943
42 392 545 992 1090 1097
419 554 640 642 741 1001
58 83 498 651 771 817
612 616 789 801 928 986
92 115 259 650 1130 1153
4 51 821 830 999 1172
213 215 353 397 531 813
158 283 440 456 728 957
276 461 828 852 1098 1126
269 294 338 390 671 1101
478 635 699 859 1035 1195
194 264 626 692 776 1154
21 111 222 772 1137 1193
54 295 468 740 760 1107
90 210 559 654 687 777
206 231 700 794 829 1073
23 180 604 753 914 1009
86 321 490 756 1002 1013
3 32 486 611 724 1173
52 207 370 400 598 665
29 162 166 181 662 1085
141 332 347 762 902 1012
73 128 485 548 552 782
38 85 91 110 242 731
191 566 606 865 908 1015
124 430 674 745 870 937
24 258 316 532 799 1018
41 234 270 298 330 1082
89 236 467 696 832 983
202 319 437 839 1083 1127
368 438 442 454 820 887
377 453 693 996 1095 1156
279 333 537 585 603 1189
31 77 167 363 764 1164
129 133 313 778 987 1028
11 14 421 746 773 818
367 396 557 768 826 835
33 45 729 893 1121 1186
49 142 463 474 677 892
99 130 156 282 871 1168
448 634 980 1000 1063 1149
34 388 579 878 1011 1017
19 66 337 406 885 1061
277 500 767 1037 1150 1165
147 216 471 491 976 1104
57 61 177 536 593 698
224 541 689 718 1079 1163
18 80 251 766 780 923
164 223 657 779 899 1114
20 39 273 517 982 1157
50 160 195 374 686 903
81 288 289 328 356 405
35 302 352 362 596 890
76 248 434 675 952 1133
98 161 695 750 895 1142
349 389 558 619 672 1077
203 286 334 709 1071 1166
102 208 457 527 582 631
146 446 496 610 836 877
17 55 526 627 759 880
106 114 254 293 322 680
123 628 744 935 1069 1188
391 600 734 736 988 994
214 325 484 540 643 850
233 345 355 372 617 1128
170 371 543 1047 1089 1120
326 481 508 690 815 1175
150 246 605 652 941 1005
188 212 418 800 811 1158
200 300 503 538 550 963
120 211 386 950 1105 1161
455 519 576 802 931 979
6 36 364 790 879 926
184 487 682 1057 1087 1094
134 143 204 280 647 648
101 173 410 613 622 949
47 145 165 310 425 1148
43 144 920 1025 1109 1141
493 516 883 956 1162 1171
15 237 504 673 701 1122
153 218 303 637 679 1042
65 278 539 786 995 1010
587 735 747 1111 1135 1177
190 609 646 946 1044 1139
250 394 655 858 888 1076
10 53 84 243 358 732
70 135 851 912 1100 1116
432 439 661 795 1020 1040
137 329 331 488 547 1030
122 229 398 873 1039 1174
71 182 335 575 796 1118
255 263 445 512 705 1032
2 48 621 934 955 1199
131 380 684 743 816 1016
68 187 274 901 1023 1048
499 583 645 770 785 947
427 444 683 758 1093 1190
420 881 998 1041 1052 1058
227 560 716 930 1003 1056
118 220 594 738 971 1065
140 555 572 660 737 1112
1 350 413 595 884 1187
78 209 262 369 483 492
359 399 423 788 804 882
72 87 107 239 1179 1184
323 360 524 721 958 1152
100 138 466 535 798 1007
44 249 417 808 972 981
462 676 807 1132 1134 1136
104 530 702 704 784 938
119 154 384 568 857 1099
75 843 974 978 1006 1091
244 401 477 886 911 1049
96 235 311 990 1027 1197
95 281 308 589 824 951
63 193 340 588 720 1108
40 82 113 620 748 819
449 822 866 919 1053 1106
172 287 714 749 812 989
105 431 691 861 984 985
185 324 644 975 1151 1185
139 241 408 424 436 869
116 205 315 533 739 891
256 630 664 1022 1086 1181
60 563 586 607 730 973
97 318 511 571 653 678
69 217 290 876 962 1043
13 343 411 510 669 863
169 314 404 469 551 580
149 553 641 842 856 964
567 578 584 656 707 948
62 103 351 658 710 1068
7 59 354 376 723 1066
196 666 725 742 791 933
378 412 507 581 849 916
93 291 426 932 961 1045
16 221 375 489 845 1200
125 197 727 960 1138 1196
152 624 629 872 897 1144
26 189 382 494 905 907
163 284 544 659 688 810
175 198 201 428 505 1067
257 823 838 864 915 1194
366 465 495 514 549 1180
179 226 473 590 1125 1155
159 285 502 712 1072 1129
238 260 275 327 706 825
9 470 513 633 967 1192
155 847 860 924 939 1070
228 415 913 927 1019 1176
168 267 528 722 781 977
151 186 387 844 854 1034
192 506 922 993 1062 1078
37 383 435 509 918 1140
46 253 618 841 906 1146
56 88 416 792 1051 1092
348 805 814 867 889 1119
94 126 309 520 757 1021
232 601 809 1131 1159 1183
174 393 476 910 968 1113
261 480 638 797 827 904
199 252 429 614 1029 1191
79 148 320 395 1124 1178
25 373 464 806 1059 1081
597 649 929 959 1080 1160
117 176 297 460 681 1014
317 336 570 719 837 1123
67 121 534 1050 1096 1182
74 703 751 787 925 942
521 522 525 573 726 763
5 266 341 409 497 894
8 28 157 240 339 834
183 459 529 1075 1102 1169
171 225 754 945 1060 1074
52 243 549 568 788 1171
72 414 517 619 862 980
135 616 893 1006 1099 1156
227 338 394 404 596 755
34 106 532 717 740 1045
124 224 280 321 453 752
438 459 480 689 784 957
259 329 501 725 775 935
174 345 502 627 665 1123
4 286 292 482 917 1095
125 177 237 561 1138 1168
108 245 432 632 688 692
50 143 154 560 1056 1070
641 830 847 970 1047 1053
92 293 615 662 776 1104
54 110 614 666 735 1101
282 488 720 843 896 897
199 287 782 939 982 1142
211 413 541 872 1071 1107
32 35 389 400 1049 1170
62 444 697 769 927 1137
101 184 436 570 861 1167
141 557 587 743 977 979
44 236 894 958 992 1164
90 171 223 492 523 995
434 537 733 910 1028 1187
176 183 289 690 869 1091
117 583 724 777 946 1110
192 205 228 456 1044 1089
303 331 355 506 512 1084
162 166 410 519 650 670
342 603 620 736 778 874
25 59 219 509 942 1105
22 131 347 371 734 904
408 489 505 602 825 860
89 461 472 885 1066 1154
152 267 504 701 1122 1157
77 250 325 354 758 1140
168 380 565 868 931 1015
84 97 711 988 1003 1199
23 375 521 598 823 890
36 253 564 751 1094 1103
78 225 478 518 569 1026
366 372 406 580 971 1082
255 262 268 421 592 951
507 574 732 938 1000 1004
17 387 534 649 1132 1166
37 115 302 450 676 1141
19 197 379 905 955 1086
107 144 179 328 600 790
12 202 597 617 876 998
87 257 304 503 909 1183
11 96 516 571 707 1111
42 513 815 906 1116 1182
56 213 556 837 899 1152
80 178 546 950 1055 1077
164 440 454 515 645 1134
412 510 525 981 1143 1175
535 854 945 962 1039 1083
284 364 548 652 1013 1128
47 215 554 698 1078 1192
269 278 423 566 915 1061
61 155 369 604 756 873
295 555 731 840 936 1178
479 481 484 498 606 674
18 28 181 531 719 1191
45 272 353 551 831 855
66 206 324 425 499 1193
68 594 657 710 1010 1190
247 322 562 567 612 1119
33 118 133 452 932 1121
31 120 214 572 723 1075
254 300 508 558 739 888
40 49 100 128 365 1097
313 445 585 684 1074 1087
48 350 391 437 832 961
3 377 644 865 993 1021
146 147 536 636 1030 1198
114 248 789 911 960 1177
150 277 283 392 458 623
55 204 655 753 1072 1109
417 628 651 799 983 1186
29 238 276 589 1008 1120
74 317 399 476 493 687
182 358 760 796 914 1160
93 217 294 634 766 1016
209 298 401 826 908 1179
393 579 744 747 1009 1076
51 496 822 968 1012 1150
527 613 640 664 685 864
127 926 999 1035 1040 1058
5 102 773 808 1080 1161
140 249 291 889 1031 1042
30 422 577 959 963 1041
130 333 533 643 1139 1151
186 201 637 817 1129 1135
281 367 898 929 1050 1067
319 359 411 877 1025 1162
145 301 545 608 783 1148
540 547 601 805 880 1185
203 308 625 658 1017 1063
13 142 244 427 443 824
198 416 475 605 677 1027
239 448 718 793 984 1131
112 315 695 801 833 1188
229 351 486 593 599 965
222 256 490 539 853 1165
396 656 802 829 973 1133
119 121 715 795 882 1033
91 139 210 511 1062 1195
86 376 494 526 712 966
6 60 296 491 781 866
20 73 336 576 696 834
15 807 937 996 1043 1172
263 327 384 581 618 639
264 578 686 772 814 1176
528 590 768 933 997 1014
46 446 457 500 706 875
234 435 607 669 708 907
9 194 441 925 974 1064
8 469 477 544 912 1102
242 246 464 679 702 1090
260 388 846 954 1060 1127
57 349 356 591 671 806
334 524 813 964 1065 1145
251 361 588 703 763 1126
274 368 811 838 921 1113
64 196 320 575 919 948
113 370 442 675 1024 1046
374 465 610 660 852 878
187 232 431 667 714 839
157 167 169 271 337 700
323 447 694 1011 1018 1155
111 346 474 800 1002 1181
378 485 646 1032 1118 1124
85 173 622 659 726 1169
27 398 462 529 809 1146
559 629 804 857 920 991
94 265 407 463 704 741
218 275 405 543 892 1088
126 180 653 856 934 1184
160 550 728 767 797 976
58 191 252 273 373 626
418 828 879 987 1100 1200
188 220 621 678 730 794
159 165 530 630 949 1019
402 426 631 647 785 851
514 779 803 816 820 1054
363 386 471 584 624 1057
76 266 430 737 787 989
39 95 134 195 1117 1163
230 332 542 668 682 770
235 270 344 611 761 1068
175 390 468 745 771 975
299 310 467 691 749 810
429 654 681 757 762 1173
2 82 212 341 648 729
163 466 943 956 1020 1106
71 75 297 1096 1112 1153
105 316 582 944 953 1059
63 497 881 1159 1196 1197
123 132 137 792 986 1079
16 109 381 383 841 941
26 83 151 153 258 922
129 161 233 595 858 1085
1 43 136 312 680 863
10 318 748 780 969 1029
41 193 385 661 791 850
69 189 848 849 895 1037
207 216 339 759 990 1034
226 305 348 495 827 867
231 538 638 836 1023 1081
70 104 699 721 947 1007
326 397 428 672 871 924
38 455 552 633 884 928
7 103 306 433 1073 1158
158 483 818 859 967 1130
79 116 439 451 722 1114
240 798 870 972 1093 1136
200 208 330 403 642 1174
170 470 473 716 886 978
190 261 285 750 765 903
14 185 415 713 1036 1048
24 241 290 786 901 1098
149 522 609 709 738 1115
360 835 842 1005 1038 1052
221 340 352 902 930 940
88 449 553 683 900 985
21 156 705 746 887 1147
65 311 424 487 754 844
362 460 812 821 1108 1125
307 357 395 409 742 916
172 419 635 883 1092 1189
53 420 819 994 1144 1180
122 279 288 309 314 693
148 343 764 923 1051 1194
81 520 845 913 1001 1069
67 563 586 673 952 1022
138 382 573 727 774 918
98 99 335 663 891 1149
