198 283 370 506 1126 1141
391 598 878 1043 1069 1163
100 234 471 479 652 759
392 435 735 1023 1098 1168
453 483 607 641 660 1046
48 181 308 725 932 1177
310 425 464 723 936 1133
13 412 620 685 869 1031
220 235 404 445 669 676
442 455 833 904 906 1160
81 87 163 426 749 839
52 96 128 299 361 629
20 515 740 795 874 1149
59 139 474 745 908 918
108 362 584 797 798 1124
18 32 112 457 711 758
47 329 410 1036 1045 1116
393 644 847 875 1077 1182
180 597 739 868 948 962
407 601 613 914 956 1048
95 211 304 368 865 1197
406 454 513 742 966 1113
168 300 495 854 1009 1187
10 218 260 363 463 1129
141 157 365 527 976 1015
131 166 417 553 784 1181
439 774 975 1006 1070 1180
113 338 500 596 720 794
270 901 939 997 1034 1108
3 190 276 510 890 933
175 253 347 902 1055 1174
816 909 925 1021 1109 1162
35 143 172 586 781 1152
40 44 682 860 1037 1059
118 305 546 571 713 954
351 648 866 888 931 959
170 331 501 714 751 955
383 452 697 710 861 916
15 413 458 771 823 1057
320 441 670 767 863 1032
14 285 395 583 762 838
232 556 608 957 1061 1092
2 73 204 619 677 923
62 278 554 686 973 1056
28 42 261 765 960 1044
271 279 295 312 1103 1132
104 217 490 702 827 1078
374 433 600 842 949 1039
130 219 551 724 991 1169
248 265 402 647 788 799
7 552 668 818 1014 1020
227 508 532 568 910 972
53 240 569 880 1038 1100
19 193 290 633 778 940
121 564 666 859 900 1138
84 231 427 484 1153 1159
64 274 371 541 779 920
39 237 480 557 592 1001
110 233 255 379 698 1041
99 117 167 201 388 478
144 315 836 993 1089 1194
293 307 437 451 1137 1165
51 323 431 719 756 907
72 93 207 618 929 1054
90 124 319 715 858 1016
36 148 642 893 971 1066
98 595 687 763 808 1040
23 196 251 326 624 657
69 156 203 872 930 1117
129 256 502 537 547 840
4 9 174 535 626 770
311 444 528 534 1010 1145
122 372 518 696 773 996
321 345 405 430 526 678
76 82 467 718 832 986
58 171 339 693 1097 1199
22 636 876 995 1172 1186
390 449 705 760 803 1086
1 106 145 333 829 1151
136 573 663 768 877 1027
314 420 805 943 1150 1183
37 60 306 447 968 1156
21 186 239 291 346 938
645 733 898 1025 1028 1080
71 359 378 389 477 885
386 514 777 1096 1147 1167
242 429 729 741 820 1130
184 286 337 521 672 845
26 313 577 1079 1139 1144
6 146 671 985 989 1072
65 206 212 588 891 983
79 411 446 560 994 1083
465 504 581 793 856 1125
140 468 559 614 726 1017
103 489 531 681 852 1073
66 258 394 409 487 732
30 83 849 905 990 1131
472 491 585 623 656 899
17 414 692 700 822 1012
46 303 707 887 911 1084
70 215 224 252 367 826
43 352 654 727 848 982
570 605 1019 1076 1094 1173
133 134 296 610 716 1050
5 421 524 785 963 1051
223 236 356 926 979 1064
27 334 470 769 804 1003
153 462 481 499 545 640
56 91 138 503 542 683
209 301 627 628 783 924
50 88 229 538 609 684
132 507 543 550 977 1058
49 74 254 667 917 1127
247 350 397 436 530 1099
67 210 364 415 497 1008
382 466 744 896 912 999
309 325 327 385 511 1052
142 165 335 419 1155 1190
182 244 488 780 830 837
111 284 512 563 616 1013
89 649 737 764 776 1005
101 408 544 806 814 1179
33 61 85 432 639 738
127 152 225 369 475 811
116 147 268 622 813 1087
150 621 754 961 1095 1185
77 102 169 341 400 1191
221 298 373 786 882 1143
187 273 387 440 615 706
492 617 635 689 807 1170
160 173 344 498 775 782
120 264 450 493 851 1011
366 460 539 558 743 988
80 189 630 634 835 1091
38 267 297 549 870 1060
354 555 582 611 757 1081
94 135 476 525 825 1101
330 380 658 694 1068 1118
55 594 650 722 750 903
208 567 578 674 1071 1175
63 78 456 562 753 855
213 398 606 789 817 1120
533 643 815 913 928 1119
316 519 664 690 850 1062
162 230 275 360 604 1047
107 894 1007 1026 1166 1171
54 137 646 879 1123 1184
332 340 731 1049 1067 1110
336 505 787 828 867 1189
24 105 796 800 810 1164
214 288 384 802 1074 1093
245 401 589 625 655 844
191 348 638 895 919 1042
375 459 566 824 992 1178
25 123 281 841 965 1140
12 177 185 357 873 1142
41 228 548 752 886 958
115 632 853 953 1022 1088
11 57 262 730 944 1161
75 183 575 591 843 1004
31 158 192 517 1018 1035
109 164 423 637 1135 1136
8 197 651 821 1000 1198
125 161 599 662 809 950
176 572 603 881 978 1065
178 226 287 602 728 734
277 381 434 748 790 987
92 343 665 945 1121 1146
243 358 766 1104 1112 1196
194 399 761 819 998 1053
428 485 516 612 1030 1114
45 322 579 857 935 1106
86 159 241 289 708 942
68 469 540 653 1063 1193
443 461 561 834 946 1195
154 202 422 529 574 884
205 482 593 717 889 1122
114 324 509 661 967 1188
318 580 701 704 846 1082
199 266 280 486 523 974
97 238 416 695 712 772
126 496 576 952 984 1024
302 522 709 922 970 1075
200 292 353 438 1029 1200
403 864 915 927 1107 1111
34 675 679 680 980 1102
29 250 263 871 1148 1154
294 355 703 947 951 1134
188 691 746 831 883 921
396 418 792 969 1105 1128
216 376 448 536 862 1157
257 269 659 755 941 1085
272 565 699 721 964 1090
119 179 246 249 328 673
259 349 424 747 1115 1176
494 688 736 801 812 1192
151 155 195 587 631 892
149 222 317 897 1033 1158
16 342 520 590 981 1002
282 377 473 791 934 937
149 309 557 655 665 701
353 368 487 514 577 623
26 44 48 367 1019 1065
34 366 611 798 1030 1089
20 84 374 582 1106 1155
47 405 576 868 1130 1160
72 256 654 859 875 1101
21 66 269 287 724 809
53 136 396 595 786 1041
233 294 354 771 915 1129
50 138 142 244 704 1189
78 80 158 585 747 899
109 278 521 545 764 907
243 298 384 628 1138 1198
106 181 189 336 619 992
16 154 465 491 1069 1111
90 146 241 749 1135 1164
217 229 345 461 688 1181
116 225 450 478 555 579
24 248 608 662 663 1115
200 210 480 565 883 972
188 279 569 834 1059 1150
270 435 780 862 914 1091
119 407 712 753 1112 1158
220 597 647 716 954 1018
79 221 507 725 767 925
155 168 358 399 908 1010
445 534 540 742 937 1067
12 145 242 523 695 802
247 436 476 713 860 872
37 98 143 568 995 1185
100 275 598 881 1002 1187
172 191 335 605 1016 1133
60 858 933 1085 1102 1194
356 454 698 762 1068 1075
7 127 252 334 423 1104
316 659 921 927 1064 1110
141 193 865 892 1147 1176
28 30 112 498 842 1046
674 781 823 942 1031 1151
187 411 774 819 891 1117
169 346 469 549 796 807
182 323 548 622 751 990
185 194 703 1020 1028 1076
132 180 196 692 702 1143
160 308 536 851 912 1140
83 392 575 782 835 1051
96 97 727 820 821 874
257 417 484 620 789 1088
113 265 468 687 726 755
75 124 178 222 299 400
123 551 652 934 1105 1137
52 264 283 312 370 1072
262 578 689 721 830 1152
147 351 542 733 876 1142
462 524 743 846 980 1055
483 768 776 1071 1163 1183
118 344 586 864 987 1125
415 466 673 1086 1141 1149
11 162 533 556 621 700
6 209 359 722 729 775
40 438 680 736 1027 1184
215 382 481 658 856 1033
522 583 637 645 691 1082
190 329 360 424 442 829
170 286 385 660 813 956
10 55 500 516 800 808
228 326 401 739 741 898
115 475 560 900 929 1044
22 394 532 573 784 993
114 198 281 320 1022 1057
13 88 129 428 778 1029
306 398 459 501 678 1182
234 285 493 787 1077 1166
56 63 64 261 676 734
230 504 537 672 938 1009
192 271 304 806 979 1042
204 473 625 632 646 1144
58 378 446 745 844 850
372 376 580 754 803 962
416 499 684 812 984 1048
38 327 429 517 635 1079
380 640 828 841 1043 1054
227 282 340 603 873 1037
291 348 664 706 913 958
151 463 785 825 882 1001
82 314 343 562 669 849
369 393 397 777 799 840
328 443 769 792 855 1073
36 267 404 994 1032 1078
391 596 772 826 1063 1097
410 566 602 651 686 770
315 451 535 543 1006 1174
202 319 763 804 944 1008
18 218 657 827 976 1109
324 878 910 968 1036 1118
51 437 631 757 1056 1080
59 71 564 613 1124 1200
62 131 164 350 977 1052
175 296 383 406 584 998
148 216 239 510 690 894
108 266 357 607 765 1139
697 822 854 924 1015 1136
165 561 677 961 1034 1081
54 302 633 936 946 983
183 365 395 636 666 1199
41 139 223 441 546 618
347 512 591 656 668 1004
641 794 928 971 975 1157
238 388 467 723 761 1093
43 386 412 528 981 1098
39 472 572 783 838 1178
226 276 496 612 895 1092
135 301 403 581 653 1154
166 177 179 630 863 941
176 527 616 719 853 952
87 186 422 488 552 1179
29 341 381 1090 1120 1186
81 107 492 559 609 1122
157 352 503 831 959 1039
232 506 685 705 773 901
245 485 490 531 592 857
4 409 730 750 1119 1171
338 530 752 935 1116 1128
2 33 67 288 824 1013
23 61 432 847 926 1177
362 474 479 604 679 904
77 305 982 986 1053 1170
195 310 759 766 1148 1195
563 587 793 836 848 1095
295 426 456 567 644 885
133 337 694 709 978 1197
237 418 448 495 547 1084
758 779 817 843 919 1096
144 293 364 708 950 1169
15 74 89 349 538 818
95 211 330 594 711 1175
31 35 300 805 940 957
120 121 458 661 707 866
379 447 877 931 1100 1126
171 253 361 720 1040 1172
219 321 375 414 675 861
431 606 737 832 1103 1113
69 390 444 477 615 951
290 558 571 909 1017 1131
126 402 599 738 884 1060
163 425 600 626 955 999
207 389 439 710 756 801
14 25 103 515 718 1049
93 593 614 917 922 1026
19 258 317 342 486 1161
184 214 249 460 717 974
92 152 519 731 893 1025
140 205 617 740 953 1193
104 110 649 969 1003 1153
42 68 272 634 1012 1047
125 260 788 918 1050 1196
17 259 590 639 735 920
744 815 897 989 997 1123
45 85 99 748 1094 1107
307 419 449 455 715 966
150 494 505 627 1024 1127
387 570 650 845 905 1191
440 553 624 1007 1132 1192
105 122 408 413 541 888
206 246 434 539 667 869
8 57 420 714 811 1070
251 363 525 902 945 996
213 322 790 890 965 1190
263 421 508 526 837 1173
311 544 746 964 973 1156
102 134 208 280 693 814
167 212 240 292 880 916
470 518 683 797 1035 1058
70 284 332 529 948 1159
128 130 254 457 610 648
203 303 430 511 833 1038
174 197 277 371 643 960
273 297 670 1108 1121 1180
65 289 464 1014 1066 1134
373 452 520 839 932 1045
9 333 886 963 991 1168
201 255 453 732 871 1188
101 224 235 574 681 1023
482 509 554 588 629 1011
27 49 76 274 867 1021
32 377 550 879 1083 1114
5 137 250 268 502 1087
86 111 489 795 816 985
156 318 699 896 1074 1165
159 497 870 903 988 1145
1 173 325 471 852 911
339 791 887 889 906 939
73 91 94 513 589 671
46 313 728 923 943 1162
153 355 433 601 638 810
117 231 236 682 1005 1062
3 161 427 760 970 1061
642 947 1000 1099 1146 1167
199 331 696 930 949 967
41 247 550 601 1087 1174
230 360 599 644 792 987
378 475 641 1004 1035 1146
84 121 656 943 1109 1183
25 153 369 456 660 1128
154 245 639 674 828 1070
75 480 496 617 795 1102
85 123 507 856 914 1015
142 277 321 747 996 1038
330 332 352 950 1150 1157
471 486 750 805 901 1097
576 785 936 1002 1022 1048
165 270 344 421 609 1086
187 255 341 728 1034 1167
259 272 297 526 604 883
189 717 969 1114 1127 1163
22 50 109 669 900 1147
161 287 301 387 491 874
70 533 743 774 893 895
49 343 509 739 917 1010
39 234 673 962 1112 1189
99 236 823 970 1037 1054
113 125 651 702 816 937
60 71 388 452 865 1101
135 295 721 1044 1074 1078
31 246 252 288 732 1063
472 488 569 625 654 817
2 193 620 757 862 1195
97 284 305 464 602 939
309 588 708 803 809 1005
238 500 688 696 921 1067
294 590 736 878 946 1137
44 197 397 442 493 668
45 264 549 888 1009 1077
405 451 793 825 929 930
141 253 655 889 933 1051
396 424 621 680 682 764
93 323 435 603 771 1200
328 384 408 444 678 1115
336 594 657 903 916 1061
354 961 989 1059 1090 1179
42 184 439 658 968 1148
66 104 200 605 1111 1143
502 503 564 836 909 910
175 364 529 854 979 1141
13 52 110 314 755 1196
11 519 698 872 884 985
18 111 148 974 1160 1175
262 375 455 723 788 1019
241 489 495 770 776 834
316 523 613 694 863 1118
26 160 389 1029 1116 1139
174 265 520 915 1120 1169
216 390 544 986 1006 1099
118 428 765 860 923 1073
325 346 547 760 1020 1045
136 210 701 738 864 942
107 536 611 677 1098 1177
208 374 848 972 1021 1052
185 202 380 392 567 675
333 740 799 844 992 1069
106 115 120 381 1039 1185
8 82 441 546 881 1145
9 150 198 223 807 995
100 394 457 635 692 1068
237 260 624 773 821 827
16 207 484 559 814 841
147 275 766 892 1012 1093
226 361 514 719 1032 1092
19 103 592 813 1027 1036
21 61 137 306 672 1105
409 689 811 947 1040 1140
108 420 423 585 733 842
179 199 340 358 622 944
122 327 742 762 880 956
203 557 846 852 877 1030
217 427 434 438 479 1164
58 188 440 578 636 714
278 515 634 683 752 971
12 57 192 932 1151 1165
618 729 746 999 1000 1003
159 177 393 623 697 973
318 356 399 413 487 913
38 114 466 610 666 1026
47 72 231 279 386 758
132 254 337 786 1016 1023
130 289 531 580 1159 1193
368 432 540 646 705 1131
164 367 763 886 1119 1161
180 607 804 976 977 982
27 28 312 411 812 1107
88 331 474 566 670 993
227 415 443 499 554 568
349 450 704 830 906 1123
761 794 845 859 1129 1197
90 167 286 575 934 1162
249 334 482 560 643 1117
78 591 595 748 847 1110
64 302 780 954 981 1083
282 366 626 818 869 1091
699 767 871 940 1156 1198
23 212 431 629 700 951
56 220 362 945 1085 1103
92 326 573 608 994 1172
206 583 662 824 838 960
53 151 233 630 663 1153
127 401 528 664 1094 1178
91 347 461 686 798 810
339 363 418 975 1089 1166
59 163 170 319 552 681
89 243 541 690 952 1186
81 178 244 372 1187 1199
6 412 745 1007 1108 1138
169 228 447 759 1055 1158
134 383 524 851 1113 1168
155 298 310 311 693 1152
69 213 353 534 958 1058
68 342 820 894 1170 1194
133 267 359 371 710 1082
166 572 650 713 751 938
62 612 676 855 1031 1106
307 632 691 897 924 1134
183 462 513 724 919 1060
211 370 511 596 726 1064
112 191 240 492 967 1130
250 430 587 661 822 912
283 463 598 787 833 964
400 476 571 907 1033 1047
139 315 322 642 998 1072
5 348 468 647 1013 1121
105 126 271 402 477 1065
65 131 196 505 510 754
232 385 615 768 955 963
98 263 652 715 840 899
29 152 525 707 1142 1144
17 83 239 407 837 949
119 124 201 251 558 882
7 79 469 858 1046 1126
190 285 417 843 876 1079
143 258 373 744 1122 1155
32 33 215 266 582 802
377 749 890 927 1041 1057
24 149 181 497 562 991
172 577 616 709 781 1081
345 481 498 521 920 1024
176 281 293 465 875 948
34 539 555 645 777 978
37 791 815 1001 1076 1104
146 414 504 631 711 902
470 551 637 866 941 1176
162 406 687 778 832 873
222 303 317 535 1028 1062
43 138 214 422 857 870
1 433 548 584 959 1014
140 530 532 800 1132 1149
73 459 703 801 808 1173
76 173 224 429 648 712
63 796 867 908 1053 1124
376 391 410 667 904 997
15 261 324 638 665 953
194 436 453 600 730 931
4 225 235 419 679 1056
77 86 313 355 565 1043
3 490 501 649 928 1075
205 229 291 589 965 966
96 308 527 911 1154 1190
158 300 350 556 684 835
329 449 506 593 619 1136
276 460 628 722 789 935
54 94 494 570 826 1182
117 304 537 829 885 1188
74 335 633 779 806 1018
129 256 416 725 769 1049
46 80 171 296 382 879
269 671 896 918 984 990
445 483 606 720 849 868
48 597 716 741 988 1071
168 182 478 695 926 1180
145 221 257 404 426 512
157 448 473 518 887 922
299 516 517 553 783 1080
30 508 561 980 1100 1191
67 218 485 640 1042 1050
87 292 320 446 753 1084
20 274 357 653 861 1008
204 242 545 706 734 1095
10 365 581 775 905 1096
95 102 209 542 659 1088
116 156 186 268 437 627
51 454 853 891 925 1125
144 248 574 579 735 1017
403 727 782 898 1133 1135
379 398 538 586 819 957
35 128 290 351 718 1171
280 458 737 772 797 1181
543 614 731 831 839 850
14 101 522 790 983 1184
36 195 273 425 685 1066
40 55 219 467 563 1025
338 395 756 784 1011 1192
