203 211 483 570 1174 1196
21 65 139 1052 1113 1176
73 288 589 917 983 1121
51 437 537 770 1022 1066
151 156 823 1091 1171 1182
152 367 476 612 711 726
244 802 1098 1114 1139 1190
320 883 935 1034 1074 1108
121 667 681 885 1157 1179
487 760 1008 1050 1092 1099
394 522 664 828 1082 1165
168 407 507 699 812 879
246 314 717 764 1075 1200
211 655 959 1078 1084 1172
364 694 724 981 1012 1162
229 665 932 1144 1146 1172
878 920 1001 1031 1067 1161
399 791 846 1067 1107 1125
1 35 737 921 1097 1132
29 281 686 710 797 1058
230 325 429 558 993 1197
297 377 545 910 1023 1198
10 33 271 873 1017 1082
128 168 515 837 1097 1104
87 494 730 970 1068 1122
232 432 559 818 1142 1164
22 328 567 940 1135 1152
144 488 802 869 870 1137
233 523 726 1108 1156 1183
680 881 1079 1087 1091 1155
104 470 500 728 755 808
24 373 669 672 1017 1085
250 335 814 882 1142 1159
700 772 783 881 915 1195
184 277 543 1062 1063 1152
826 913 941 1069 1124 1153
464 673 718 947 1074 1164
108 432 444 896 916 1183
286 857 1183 1190
129 132 341 471 999 1023
400 758 763 788 955 1158
130 302 379 770 1132 1172
307 752 835 968 1106 1110
18 762 778 792 1084 1091
248 402 578 791 1021 1073
724 813 877 1100 1124 1185
186 275 319 669 930 1052
21 331 508 1080 1088 1141
166 386 633 738 932 1156
273 800 930 1181 1185 1191
55 615 787 912 1142 1197
363 517 711 736 1054 1172
4 545 811 998 1051 1086
89 194 345 595 984 1042
115 547 553 779 827 1038
587 824 857 1051 1126 1166
30 193 282 581 691 1025
454 842 980 1076 1137 1171
441 883 961 971 1099 1155
568 1056 1074 1146 1156 1189
265 392 497 608 632 874
108 783 988 1005 1158 1175
119 815 844 1066 1070 1082
723 927 1082 1118 1125 1168
1031 1049 1089 1147 1176 1186
526 758 789 821 1109 1155
110 460 732 983 1043 1107
95 451 845 1053 1077 1174
82 575 884 1078 1178 1186
494 648 725 902 1052 1142
69 905 967 974 1056 1181
620 1071 1088 1114 1143 1187
344 462 634 954 1161 1197
498 561 572 1149 1158 1163
230 405 430 727 926 1154
88 155 156 171 608 1162
60 65 96 191 1079 1089
226 524 774 799 888 1188
2 576 695 854 1113 1169
383 410 469 1012 1062 1135
261 268 320 882 886 979
251 633 737 762 983 1128
440 706 1007 1093 1105 1173
187 680 975 1045 1063 1100
234 621 862 932 1002 1196
131 556 647 815 1070 1132
205 477 580 686 939 979
887 906 936 1036 1088 1103
577 920 942 960 970 1065
30 318 342 363 834 980
63 241 806 823 1058 1115
77 716 864 938 1115 1160
175 332 389 921 924 1146
11 825 975 989 1133 1194
288 751 1094 1098 1117 1146
41 899 905 1143
32 557 782 817 889 1092
92 303 436 439 774 1108
83 287 446 948 962 1107
70 395 739 760 1050 1192
309 326 830 927 1167 1190
134 748 823 998 1114 1167
899 909 1102 1123 1142 1198
76 178 491 914 1175 1184
394 628 949 1072 1147 1164
425 683 948 962 985 1179
139 374 676 777 1160 1165
102 154 229 434 1037 1083
59 148 776 842 963 1179
164 301 472 998 1136 1183
411 493 747 1013 1071 1093
566 661 666 910 930 1179
336 382 452 708 1021 1112
151 192 193 468 866 897
159 679 816 847 1015 1024
113 426 509 795 820 989
12 422 740 924 950 1129
97 185 555 594 878 901
435 807 865 1131 1148 1169
807 881 1080 1135 1157 1199
110 526 615 753 1061 1104
171 831 980 1048 1064 1089
23 276 536 671 1047 1067
137 147 744 798 1091 1101
373 558 759 944 1061 1152
1 44 945 1106 1111 1194
182 892 991 1045 1083 1192
34 298 339 780 832 1191
217 359 516 766 861 929
359 505 696 1047 1079 1178
200 305 793 992 1127 1131
145 334 483 625 976 1185
401 682 740 746 819 1113
310 487 506 999 1090 1181
58 116 693 720 740 1088
71 198 419 520 785 1138
222 447 605 790 1085 1166
308 348 644 865 1092 1177
71 378 443 457 582 1125
14 254 734 754 834 1092
344 387 892 910 1012 1151
39 348 952 1083 1157 1165
260 371 1002 1055 1116 1181
81 529 639 982 1073 1133
48 834 1049 1068
547 775 984 1082 1105 1160
245 751 790 1042 1118 1129
14 351 492 1025 1039 1163
237 306 801 817 955 1093
204 697 941 996 1137 1153
117 716 748 840 1061 1084
463 647 869 1021 1069 1115
86 792 947 1000 1015 1076
245 271 708 788 966 1117
484 572 685 1051 1057 1095
138 197 428 1065 1098 1127
416 601 709 902 1099 1200
39 75 771 852 1077 1170
650 942 1090 1176 1198 1199
333 782 918 936 1112 1121
46 376 551 784 1095 1151
7 36 967 1030 1033 1129
46 291 374 434 769 854
72 167 420 454 1078 1158
6 26 532 754 844 1149
592 658 745 812 830 956
356 495 529 769 796 1188
45 47 85 821 859 1063
118 249 901 939 1029 1031
673 972 1097 1130 1160 1191
794 1009 1128 1151
403 491 531 630 801 1009
336 627 833 1043 1050 1066
136 208 461 938 1036 1087
123 426 447 993 1184 1186
239 445 599 792 827 1070
482 564 722 1048 1141 1182
196 275 388 836 938 1053
761 822 917 1074 1101 1188
179 356 522 909 967 982
958 989 1016 1053 1087 1096
113 173 212 313 774 1168
308 350 546 1059 1145 1162
283 471 528 805 1036 1069
43 563 678 757 1056 1079
221 442 852 917 1084 1184
62 672 1001 1036 1116 1177
613 784 876 908 1045 1114
461 925 1068 1119 1126 1184
130 194 397 763 1116 1169
61 325 751 1004 1081 1143
562 590 659 789 790 907
66 120 231 514 931 1111
573 602 616 1038 1059 1085
614 723 797 1131 1140 1198
604 709 810 924 1145 1162
49 484 743 1110 1155 1156
301 972 1080 1089 1109 1132
540 759 1008 1031 1155 1194
18 190 533 845 1168 1187
13 36 266 284 429 755
10 439 628 904 1100 1197
32 265 497 575 811 1182
143 316 448 450 977 1075
256 849 953 1024 1104 1195
50 322 499 1057 1161 1178
352 479 637 1028 1048 1139
697 846 1019 1034 1079 1147
72 240 611 819 871 1149
94 698 818 907 969 1058
9 375 715 871 894 1017
2 640 862 1044 1131 1139
295 590 679 978 1111 1112
50 294 355 902 1071 1124
268 346 703 889 928 1070
360 733 817 1086 1163 1173
485 629 734 1064 1101 1186
671 722 820 891 926 1110
15 653 766 893 944 987
347 703 947 1005 1126 1196
677 849 968 1035 1118 1178
625 637 888 949 1002 1096
195 664 826 1022 1150 1158
284 467 675 698 795 1046
205 319 355 871 949 1028
772 804 895 1081 1118 1158
54 415 654 1055 1089 1137
172 406 481 855 1156 1197
76 701 921 1059 1176 1187
177 667 1039 1094 1118 1189
28 366 465 929 1000 1174
52 74 111 201 908 1174
462 582 662 782 797 1123
121 809 829 890 899 1124
58 166 746 863
314 577 763 803 991 1175
114 128 177 810 1097 1129
98 223 830 964 1079 1195
1000 1067 1112 1128 1145 1152
478 867 996 1019 1103 1186
225 455 775 1033 1107 1115
250 302 742 753 1059 1182
282 437 530 616 1047 1173
67 200 822 828 1074 1139
79 222 554 775 1123 1134
586 780 859 1144 1162 1172
183 719 864 985 1106 1171
503 713 1134 1140 1150 1155
219 773 827 1042 1061 1115
272 277 474 903 933 1168
258 421 710 1041 1145 1152
238 361 604 900 973 1005
170 303 670 988 1134 1179
281 351 502 1026 1040 1073
824 843 879 1040 1062 1143
521 569 750 990 1087 1121
293 324 557 610 1052 1178
220 296 488 1053 1086 1167
38 595 931 1048 1136 1139
188 412 481 534 1096 1197
396 467 588 999 1148 1153
714 833 1062 1143 1145 1159
408 409 914 933 934 1125
272 719 878 928 952 1188
541 660 821 957 1072 1085
465 853 927 1113 1182 1192
898 1010 1014 1160 1168 1193
1003 1034 1148 1158 1159 1183
573 618 795 1080 1114 1189
317 383 417 579 1068 1177
37 401 421 841 933 1122
112 253 384 900 1016 1180
398 561 622 875 1098 1160
579 776 974 1014 1053 1089
100 207 294 350 674 1046
101 164 354 873 1180 1185
269 305 620 794 1051 1154
140 188 354 1053 1075 1140
12 262 610 688 872 1074
51 263 399 951 1096 1133
47 464 643 668 828 982
41 469 514 963 966 1056
149 850 1015 1071 1121 1155
102 195 652 733 980 1167
55 372 866 870 1008 1050
420 564 872 875 1057 1144
42 264 368 768 1065 1189
163 224 731 1076 1094 1161
26 300 500 504 898 1077
90 459 472 812 988 1156
37 385 482 525 992 1102
147 153 358 928 976 1013
23 209 404 798
264 489 535 565 566 923
550 682 798 840 1022 1090
85 800 968 1055 1082 1098
78 584 587 598 1062 1118
17 44 911 1044 1054 1176
227 304 414 458 851 907
11 57 242 804 886 1175
651 851 1033 1062 1105 1131
53 674 1035 1075 1129 1173
234 581 970 1094 1113 1167
5 179 315 563 659 1182
88 126 689 923 1137 1176
292 335 611 854 981 1168
67 286 770 978 1007 1140
99 122 750 904 911 937
298 369 714 717 1025 1193
163 534 781 943 1169 1192
184 216 773 1029 1056 1157
241 316 612 1033 1097 1186
16 287 520 540 976 1119
35 796 810 1026 1122 1138
621 793 1081 1082 1142 1165
115 396 512 749 1075 1196
218 269 638 896 961 1131
248 358 418 555 841 1188
122 624 989 1073 1111 1185
215 403 443 1014 1152 1153
105 134 527 990 1057 1058
311 323 588 626 1060 1099
196 198 312 505 1089 1163
592 738 1020 1130 1149 1158
89 125 135 174 776 815
419 508 617 844 1183 1193
78 678 825 978 1003 1053
565 838 1025 1035 1083 1185
158 952 1063 1075 1138 1148
169 280 880 901 1030 1095
157 831 1094 1133 1185 1190
169 285 425 960 1076 1128
31 40 449 1000 1018 1125
995 1114 1161 1164 1190 1193
16 451 918 951 1070 1189
694 987 1088 1120 1193 1198
424 549 688 816 957 1164
57 201 338 536 1048 1159
296 963 1110 1130 1177 1180
329 513 748 789 803 1076
321 576 706 829 867 1066
54 75 362 490 956 1040
52 331 369 642 654 743
574 593 745 1127 1144 1154
59 695 1106 1116 1138 1189
224 528 675 865 995 1084
712 715 743 784 858 1078
414 436 498 519 813 1191
73 181 340 965 1086 1130
270 767 773 1049 1151 1181
20 77 404 477 1014 1194
84 312 476 856 993 1124
157 913 994 1077 1094 1181
215 317 441 551 690 1152
99 642 646 689 958 1013
226 239 560 996 1066 1067
364 609 858 883 1022 1190
106 192 787 1045 1091 1159
539 919 1026 1098 1110 1133
160 920 1066 1105 1120 1138
259 279 745 832 1100 1132
160 407 490 825 1105 1188
116 597 757 765 1013 1123
267 840 985 1035 1111 1176
167 535 1054 1073 1120 1191
235 600 867 1065 1099 1183
183 571 756 804 1103 1119
8 214 381 518 527 1172
165 247 260 882 1168 1184
126 544 851 884 887 1055
97 397 884 1061 1157 1199
8 507 510 1072 1156 1195
453 640 791 1010 1068 1075
225 315 599 603 613 848
118 204 742 1064 1147 1179
786 857 885 891 1130 1133
22 330 946 1032 1069 1128
365 475 842 1027 1101 1141
567 843 855 988 1059 1187
559 727 868 1106 1168 1188
768 1004 1050 1127 1135 1141
809 835 919 1047 1070 1130
91 135 337 643 1077 1081
450 485 849 912 1120 1187
206 400 742 843 1094 1095
435 781 985 1047 1058 1121
324 591 781 915 1001 1015
291 847 1078 1113 1152 1198
19 416 839 1010 1054 1060
80 624 651 753 1019 1023
492 744 888 1140 1141 1172
202 209 328 1085 1151 1194
213 704 1063 1102 1127 1170
894 964 1052 1074 1129 1149
422 511 931 961 1021 1050
220 605 700 794 1004 1040
158 180 207 431 1115 1122
274 457 814 954
93 645 741 1069 1145 1171
538 652 916 973 997 1067
129 138 376 693 892 946
95 254 847 981 1003 1174
140 731 1006 1078 1173 1197
409 473 546 971 1108 1154
858 972 990 1120 1144 1192
349 839 1071 1115 1121 1144
127 235 466 953 1136 1181
107 495 603 816 1018 1119
17 786 995 1010 1083 1173
267 764 996 1128
105 393 861 979 1147 1197
189 257 607 822 856 1132
5 199 238 704 836 1107
27 622 969 1081 1100 1180
161 501 873 1048 1119 1174
141 556 570 656 942 1071
329 729 735 906 1102 1127
92 155 1001 1041 1048 1122
174 378 856 1090 1131 1157
285 408 896 1065 1132 1169
263 459 550 940 1003 1092
293 392 646 860 1087 1178
440 663 866 1117 1136 1188
415 542 762 771 936 1009
474 761 877 926 1073 1137
274 300 848 859 1101 1107
27 431 609 752 960 986
388 466 548 649 1043 1196
338 387 586 761 1007 1064
251 334 655 819 1011 1193
173 299 366 663 670 1178
43 212 261 290 1030 1086
323 597 683 954 1153 1159
449 737 965 1068 1096 1109
31 343 783 957 1150 1194
186 601 702 705 1037 1171
40 112 398 553 1020 1109
619 638 707 863 1145 1181
231 444 596 939 951 1027
6 176 182 739 945 1039
427 992 1029 1037 1126 1165
339 486 937 994 1058 1120
778 997 1064 1092 1119 1143
327 478 591 863 1065 1148
307 430 589 666 750 1154
365 658 746 875 993 1157
343 413 623 768 1052 1116
165 835 1046 1104 1114 1117
1101 1169 1170 1196
237 262 479 486 541 1146
759 1009 1083 1087 1120 1166
154 598 747 826 944 1179
290 475 890 1154 1175 1182
152 701 918 983 1046 1117
210 423 738 894 1091 1198
127 159 803 806 836 1110
402 583 808 1030 1105 1110
289 292 318 380 909 1180
190 793 997 998 1062 1191
512 971 1044 1059 1150 1154
24 170 236 1002 1140 1160
480 787 886 934 1104 1171
53 161 542 805 1090 1163
221 820 943 978 1041 1117
29 61 578 1028 1037 1071
20 427 549 684 1058 1126
259 626 660 1079 1099 1144
114 352 691 800 995 1016
699 767 796 877 1032 1190
406 411 452 807 889 943
98 191 375 516 925 1171
306 562 824 1029 1057 1136
379 460 922 946 1150 1191
256 644 801 1137 1161 1177
141 246 645 650 1084 1179
219 515 749 838 862 1194
3 278 279 571 879 1054
227 690 839 885 1032 1191
68 713 994 1069 1166 1167
104 837 912 1011 1136 1147
74 371 496 539 729 937
568 754 898 981 1012 1192
56 63 233 583 584 1195
124 228 405 493 984 1151
636 785 876 929 987 1054
123 681 756 1006 1024 1130
255 384 747 779 1122 1124
199 600 641 1061 1183 1187
13 70 185 216 662 1072
87 109 552 1008 1088 1101
86 448 530 850 1126 1170
661 735 814 945 1055 1072
721 806 913 1019 1087 1165
45 64 631 987 1109 1177
4 273 860 1103 1153 1166
176 206 525 880 895 900
178 473 986 1020 1123 1129
144 202 463 639 845 1177
103 353 510 634 950 1180
187 890 1034 1042 1070 1133
749 990 1069 1080 1146 1151
249 280 736 756 1150 1184
391 725 788 802 1067 1175
532 872 1063 1072 1162 1180
247 596 813 841 1104 1172
124 1093 1156 1187
101 136 531 1051 1066 1186
81 203 340 580 1077 1148
428 687 702 1055 1063 1164
93 1057 1060 1093 1109 1189
145 908 1081 1162 1195 1200
15 289 438 627 1039 1085
805 850 874 1162 1187 1196
266 438 602 765 1068 1154
243 718 730 808 1097 1175
146 327 537 548 956 1057
410 635 677 837 1060 1108
49 412 757 1044 1105 1135
90 149 390 413 1106 1164
69 153 162 519 728 887
243 337 799 1055 1100 1104
499 543 630 1103 1153 1189
692 766 962 1106 1128 1198
103 665 668 992 1096 1163
712 1061 1092 1135 1142 1175
377 468 606 852 977 1157
496 779 948 959 1097 1108
9 442 455 755 897 1005
19 458 503 552 880 1004
148 218 258 687 876 1052
517 720 893 905 1148 1155
64 133 641 915 1078 1160
255 696 911 977 1060 1146
777 919 1017 1064 1088 1173
345 370 518 657 732 1123
283 349 554 1038 1054 1139
228 393 758 855 891 966
42 391 453 632 656 1170
361 619 705 953 964 1182
242 395 574 874 1090 1102
456 736 925 999 1108 1166
322 347 777 893 1086 1116
38 629 778 935 1177 1195
3 509 635 829 868 1112
117 357 504 922 1098 1193
111 240 252 1024 1050 1193
100 257 470 846 1084 1169
389 513 657 1011 1023 1170
386 418 994 1149 1151 1194
33 676 1047 1083 1085 1095
623 832 986 1049 1051 1166
68 172 236 417 721 1163
142 180 232 864 923 1080
48 162 785 1007 1051 1163
197 332 523 707 799 950
311 853 1016 1141 1150 1167
79 321 360 1064 1086 1159
904 1072 1100 1124 1134 1140
480 607 860 1143 1149 1159
342 869 914 975 1147 1165
146 357 833 974 1011 1056
119 304 309 922 1093 1136
131 593 653 765 959 1186
60 330 771 1006 1117 1185
125 424 861 1065 1095 1121
137 456 739 1028 1056 1107
560 569 631 958 973 1038
313 446 614 831 1149 1161
132 252 326 618 1047 1171
91 109 299 1020 1122 1200
381 636 895 1032 1161 1166
502 897 916 1018 1103 1167
133 297 524 868 906 1195
617 986 1006 1112 1178 1190
7 244 741 1043 1077 1103
295 385 521 955 1125 1153
34 142 143 278 445 780
368 370 692 744 1027 1135
120 538 772 1138 1150 1176
80 372 533 648 685 1049
341 1026 1073 1091 1093 1123
83 94 150 270 353 1102
506 838 997 1049 1080 1090
501 544 848 935 1018 1059
189 276 965 969 1099 1165
310 380 390 786 1049 1196
175 333 362 769 991 1148
28 106 764 809 941 1102
150 210 423 649 811 1174
56 62 818 940 1109 1180
84 741 760 1113 1141 1173
217 991 1060 1118 1127 1174
208 870 934 1027 1112 1139
107 213 752 979 1041 1081
181 253 594 853 982 1125
66 382 984 1116 1164 1169
82 367 511 606 1096 1126
346 489 684 1119 1134 1138
96 214 223 767 1060 1095
