87 314 365 738 884 1038
186 334 373 863 1032 1052
71 113 119 511 1107 1173
435 495 514 1006 1186 1193
48 235 298 360 720 1014
151 236 732 943 985 1047
56 338 457 627 776 1062
496 731 836 860 1070 1085
86 141 474 554 848 1080
115 294 323 428 737 1019
20 138 173 322 590 1144
407 420 421 531 639 976
88 340 649 655 833 945
240 491 789 904 1011 1103
408 468 589 806 919 994
47 150 281 296 756 999
102 220 274 532 696 871
101 409 485 615 1004 1108
245 388 777 1097 1124 1125
84 324 616 681 691 1054
44 563 719 742 933 1000
153 426 630 746 1008 1137
1 75 744 812 928 1168
147 175 193 512 968 1165
112 129 378 790 1049 1166
8 393 687 709 798 802
34 325 628 778 1013 1031
54 168 210 581 751 1127
197 206 500 664 895 1079
371 813 879 989 996 1077
503 548 722 799 862 972
143 250 757 969 1095 1198
63 530 633 663 1099 1178
15 99 162 562 898 1181
182 213 411 645 754 1084
24 65 568 909 931 991
58 180 260 861 959 962
37 130 149 608 948 950
97 211 265 520 1018 1050
247 605 780 800 1055 1121
302 509 524 678 758 1025
315 672 728 747 830 1155
164 345 363 460 571 1065
4 32 185 484 951 1146
183 470 889 935 1003 1026
126 190 312 504 540 955
118 215 256 576 954 1115
18 128 480 716 831 990
10 42 110 159 279 561
23 199 300 543 721 1189
27 38 699 817 903 1105
103 462 632 939 995 1111
148 169 229 249 574 1017
254 422 714 1034 1110 1147
321 440 689 832 849 977
114 380 394 450 461 1149
631 652 803 900 915 1132
252 361 364 522 970 1112
40 79 176 684 753 782
13 391 447 643 794 1037
11 601 621 842 1130 1180
50 269 282 366 569 961
188 389 430 893 1053 1059
167 743 932 1051 1156 1188
120 131 237 752 1061 1170
316 332 755 866 1021 1190
66 133 656 670 768 1176
139 189 221 499 739 808
513 559 604 638 942 1123
49 107 455 669 927 964
5 76 395 600 708 1091
427 534 801 816 821 1141
359 545 603 694 920 1143
191 382 560 874 979 1064
82 317 584 868 930 1191
414 529 729 792 827 946
22 273 287 466 662 695
523 629 911 1126 1142 1196
358 453 580 706 853 914
196 609 637 660 704 770
55 202 328 399 1039 1072
156 179 239 299 1010 1075
343 398 451 549 885 1074
123 276 309 415 702 717
83 222 356 648 852 1122
178 181 383 475 697 740
89 91 291 292 676 1158
326 454 711 804 1169 1172
19 41 69 539 592 618
261 406 467 899 1104 1177
57 505 602 741 786 992
161 599 625 763 814 1020
105 275 339 351 1036 1046
6 51 471 674 1159 1182
208 487 527 588 922 1012
207 308 376 888 907 956
26 94 234 908 918 1076
412 486 886 1027 1113 1129
124 556 941 1083 1154 1167
21 145 289 337 617 634
39 367 820 823 936 1174
333 403 537 845 875 1029
25 140 331 369 567 1090
116 244 352 734 771 1118
362 501 826 838 883 949
158 350 368 659 797 1033
137 295 377 489 528 683
108 255 449 459 533 787
2 100 262 270 521 1071
136 353 515 805 809 1153
12 67 257 673 912 1060
117 271 329 610 1056 1179
216 267 370 502 536 686
62 85 163 712 748 1187
127 155 217 264 318 583
78 152 344 445 690 1116
36 413 432 575 736 1078
172 184 492 819 1093 1192
438 680 843 997 1133 1184
297 723 750 906 925 963
45 349 463 715 953 1086
458 597 762 1005 1148 1183
465 507 566 578 594 828
95 624 788 913 934 944
218 606 698 921 1048 1109
28 228 335 544 783 1194
384 390 538 640 967 1042
104 310 354 483 595 1096
77 258 646 791 965 971
253 436 442 700 807 1161
80 386 869 1069 1081 1200
81 510 552 1001 1068 1114
135 293 506 542 892 984
400 419 424 431 557 891
9 614 701 872 910 998
61 203 479 960 1057 1138
52 280 401 558 611 784
72 171 585 727 829 1195
73 425 555 815 818 887
187 224 241 710 1007 1016
759 1022 1030 1120 1134 1162
320 423 564 570 619 653
290 553 795 894 926 1044
17 194 268 452 718 1199
90 106 230 266 434 598
263 508 834 867 882 1139
223 347 547 607 881 923
573 878 880 947 988 1152
93 472 493 623 733 905
385 650 1045 1067 1150 1171
7 109 226 375 439 516
14 456 666 726 749 1100
3 59 177 225 760 1131
122 518 526 579 654 730
154 374 550 688 957 1160
238 327 387 796 846 1106
157 330 342 443 725 1089
306 473 517 692 781 938
160 372 429 612 626 661
478 586 587 636 983 1163
98 481 535 775 924 966
16 174 288 622 982 1024
30 305 336 854 980 1002
192 490 896 975 1028 1175
204 209 464 658 773 1035
134 212 446 668 785 1023
214 259 307 497 693 974
251 402 477 901 1009 1098
285 593 764 844 1040 1101
60 165 272 441 519 993
313 488 565 1088 1128 1185
132 591 613 713 864 958
35 596 677 865 877 1197
70 341 705 822 917 1157
31 33 685 858 1102 1164
644 707 952 1066 1092 1136
144 231 498 851 1058 1119
142 418 766 856 986 1082
64 205 847 870 897 978
416 620 767 811 940 1015
125 195 397 665 769 1041
46 243 582 657 840 973
198 200 355 641 745 761
53 166 346 410 546 779
381 405 772 859 902 1151
227 233 444 525 679 682
43 170 242 248 1043 1094
201 219 392 703 774 1145
92 284 724 810 873 937
357 396 482 876 1087 1140
68 74 476 642 647 824
111 283 348 404 541 651
319 577 667 671 890 929
29 417 469 675 916 1117
304 379 551 855 857 1135
277 286 303 837 987 1063
246 311 437 765 825 835
278 301 448 572 735 793
96 494 635 841 850 981
121 146 232 433 839 1073
39 694 776 785 1026 1087
330 661 692 963 984 1031
145 517 586 1120 1187 1191
286 337 357 575 711 1129
485 527 621 700 979 1197
395 719 742 853 998 1172
26 592 726 945 971 1049
234 311 509 570 591 1160
48 156 412 967 1130 1143
102 195 443 444 704 901
121 259 493 528 578 807
244 263 546 872 930 1042
36 408 469 708 986 1110
204 361 675 685 989 1080
247 348 362 531 615 707
594 736 755 990 1053 1092
179 245 262 632 890 1045
3 377 519 879 1041 1156
90 795 843 877 902 1157
248 777 786 833 1006 1034
271 796 824 933 1000 1084
97 232 383 541 1019 1179
51 453 794 806 830 1005
40 314 421 435 585 639
203 230 455 553 595 679
82 345 371 389 850 962
79 119 571 698 849 1003
143 307 611 674 920 1105
109 256 402 477 623 1135
73 175 350 393 995 1064
432 514 635 667 681 767
100 107 468 561 775 831
173 207 280 817 821 978
172 205 602 629 825 829
196 200 238 292 783 801
374 415 624 737 743 1074
127 648 722 800 1051 1199
20 28 60 540 548 904
33 386 551 888 997 1173
125 349 413 579 622 868
373 630 690 779 1032 1047
144 158 305 399 716 1181
135 150 290 458 550 1184
218 462 673 848 950 1113
191 474 544 672 678 1001
215 448 631 720 810 1190
4 35 189 220 368 1128
31 68 91 391 1054 1127
54 291 304 603 947 1098
130 276 347 397 838 1134
133 301 403 467 655 724
206 507 562 637 1023 1069
85 194 316 324 918 1109
27 302 388 518 899 1108
9 142 298 300 593 1162
281 289 401 513 605 1048
463 504 614 658 832 913
181 343 472 688 717 860
152 227 266 797 955 1198
16 157 460 476 599 1174
66 188 269 414 1015 1085
46 55 178 264 788 938
65 223 372 873 874 1055
242 483 511 547 756 975
92 165 556 940 960 1029
23 211 456 498 505 981
71 170 270 461 683 926
183 640 762 1022 1089 1193
128 239 665 718 1013 1192
47 235 523 787 852 1165
288 438 495 583 619 1196
221 418 488 774 892 1114
161 272 772 820 896 966
652 727 885 1024 1033 1094
267 471 565 753 970 1142
113 501 557 869 1083 1185
1 112 781 863 1040 1159
69 140 202 811 851 857
120 490 510 659 839 1079
19 489 560 628 982 1154
49 246 529 581 1017 1131
500 533 924 988 1100 1167
14 45 111 154 226 370
340 752 949 991 1072 1093
50 525 827 941 1016 1115
566 696 741 893 1038 1195
138 285 646 891 956 1008
375 428 858 867 951 1044
147 228 296 798 954 1125
319 410 728 834 840 1133
103 153 747 856 1050 1111
390 526 822 842 1027 1139
38 434 642 969 996 1012
446 558 604 625 931 1170
22 315 479 942 983 1077
344 732 758 803 928 968
174 187 214 268 539 590
258 671 1007 1036 1161 1164
32 217 429 441 881 1028
260 329 701 927 944 1010
104 171 197 567 574 1062
88 209 522 855 922 1043
106 282 600 644 734 898
11 359 439 492 999 1067
160 241 369 582 759 1014
30 114 131 339 486 875
155 261 322 346 596 1060
168 233 334 496 746 771
320 449 502 789 1075 1106
237 331 406 568 663 894
146 287 321 618 666 1096
83 398 731 791 946 1166
427 473 627 911 1035 1177
57 110 251 454 588 1150
37 394 573 818 836 1061
116 118 738 837 1144 1194
95 176 182 538 645 808
81 212 222 884 959 1155
108 229 367 442 725 1021
84 199 295 543 763 1124
29 76 124 499 608 769
210 687 715 748 846 1123
487 524 714 739 939 1103
8 201 654 662 862 952
381 549 657 784 876 1020
99 634 745 921 965 1099
15 105 149 470 712 929
17 56 255 903 964 974
141 273 293 328 497 641
482 713 766 870 1104 1176
180 325 542 859 1057 1091
53 139 309 318 638 1149
243 358 478 521 668 1002
52 274 450 576 987 992
198 419 823 866 935 1137
7 96 405 437 816 993
536 705 744 770 813 943
117 294 332 620 1066 1151
430 597 782 887 1076 1189
379 515 669 751 1147 1158
355 610 765 805 815 1065
62 275 598 607 710 936
10 162 380 530 754 883
252 378 686 706 854 912
70 137 364 425 494 709
89 115 265 426 535 680
299 512 616 915 980 1183
225 231 336 365 809 1148
159 163 411 440 601 1178
93 166 465 740 1063 1102
72 136 617 633 861 1004
366 660 691 702 948 1116
42 363 466 682 750 1059
177 445 451 916 934 1046
436 773 909 985 1095 1132
94 422 651 684 925 1146
185 208 780 835 1107 1168
310 656 757 864 972 973
132 312 384 404 761 1082
41 409 516 871 914 1136
167 353 537 768 790 1200
400 552 580 643 799 1030
21 169 356 481 577 636
606 664 905 937 1011 1081
134 219 333 387 735 793
77 416 459 491 1068 1121
407 532 587 847 957 1078
284 327 464 733 910 1101
5 216 584 749 880 1138
352 376 385 392 1088 1163
151 192 760 907 917 1018
6 12 423 844 1141 1186
250 503 563 882 919 1070
123 354 520 814 953 1169
484 650 802 958 976 1112
338 569 764 845 923 961
18 164 382 545 613 895
508 676 697 729 826 1052
44 67 249 308 475 695
74 417 908 994 1056 1153
148 317 457 721 723 1152
25 80 323 828 886 897
87 190 213 351 1009 1171
2 278 306 447 906 1071
433 506 649 689 900 1180
59 236 699 841 889 1058
64 480 677 792 1118 1188
279 589 626 878 1039 1145
63 186 431 778 1037 1119
126 559 977 1117 1126 1140
122 129 184 420 572 647
297 303 424 932 1090 1175
13 313 396 730 819 1086
43 253 342 554 555 804
58 61 224 277 360 452
98 101 335 564 670 693
34 75 193 326 609 612
24 257 341 653 703 1182
86 254 1025 1073 1097 1122
78 240 283 534 812 865
64 191 404 606 935 1165
77 210 221 859 931 1187
164 271 414 674 1038 1115
149 279 644 980 1105 1106
451 514 690 740 831 1029
179 324 992 1008 1009 1013
67 276 295 681 1124 1150
97 118 333 445 901 1104
90 416 441 532 789 982
26 229 548 555 655 914
215 298 513 862 873 902
31 344 442 976 1022 1194
261 589 708 851 951 1090
163 434 773 1158 1160 1179
103 201 393 601 729 1087
109 236 428 433 517 522
165 477 645 829 888 963
35 449 503 613 1103 1161
212 305 354 643 986 1108
75 364 386 843 917 983
3 105 241 243 662 798
78 81 214 330 749 813
62 180 480 915 1070 1190
304 338 506 889 1130 1152
471 481 525 591 727 1015
80 235 408 847 964 1052
85 479 594 699 725 997
110 150 846 1031 1069 1162
50 107 378 496 941 955
119 438 475 599 738 929
20 244 429 820 1034 1176
370 559 922 1057 1138 1143
24 111 183 526 590 654
102 128 203 891 1042 1141
122 246 466 651 667 693
106 312 603 788 1078 1147
112 143 921 1046 1056 1081
136 182 628 782 979 1102
69 134 529 587 1109 1153
12 538 659 679 737 953
11 687 760 787 892 1151
361 464 542 609 745 794
715 850 899 950 1025 1129
129 263 576 748 803 849
254 280 325 447 852 999
66 96 457 602 665 746
248 500 580 739 945 1122
38 91 178 381 841 855
116 265 270 328 504 541
231 247 253 650 948 1146
237 394 509 814 826 985
36 58 470 920 1099 1182
564 747 756 1002 1121 1175
73 127 232 583 703 1080
59 501 574 711 742 863
242 577 684 706 830 1032
144 355 400 550 640 1033
366 402 882 1018 1092 1193
348 458 460 808 913 1045
218 326 518 595 620 791
349 631 903 940 1063 1199
89 362 622 689 956 958
2 558 919 957 996 1117
269 389 547 694 783 860
264 285 444 705 952 973
369 474 632 1133 1157 1173
17 42 197 282 297 413
432 523 661 795 884 1000
132 467 660 876 1012 1174
155 223 335 596 607 828
175 411 497 562 656 1040
76 86 314 617 827 848
68 569 697 1021 1024 1125
140 696 869 930 1043 1053
289 299 315 347 838 967
28 84 101 907 908 972
47 49 173 792 928 1123
9 195 234 365 668 970
1 27 123 582 734 822
7 332 553 630 896 998
331 423 799 817 1089 1095
141 239 399 440 666 1074
10 162 272 991 1020 1155
8 15 37 377 1047 1140
43 98 160 220 608 1119
374 698 818 834 1136 1198
40 139 823 842 881 1148
133 199 206 342 392 712
334 469 511 700 883 886
55 158 273 396 707 989
145 186 307 346 778 995
486 777 786 861 966 1003
152 240 726 924 994 1154
360 375 578 636 1026 1065
320 498 619 880 1168 1183
281 491 545 556 775 1177
184 219 255 634 806 872
79 336 704 866 1075 1091
83 124 676 709 728 810
52 56 60 626 757 801
61 121 300 519 1184 1185
100 250 437 754 1035 1044
193 505 575 969 1028 1189
108 356 379 446 586 1050
51 702 864 918 977 1116
177 367 395 730 909 954
41 74 322 716 897 1005
380 490 563 844 947 1082
391 418 612 633 809 1072
502 560 663 767 1145 1188
376 455 530 571 671 993
94 268 310 845 912 1164
63 159 443 521 856 1014
34 405 473 482 824 1085
485 766 780 933 1064 1134
65 323 653 683 741 1172
125 409 585 648 779 815
6 13 337 638 762 1149
283 751 752 934 960 974
172 292 321 614 784 1113
70 611 642 1054 1083 1088
209 371 390 618 718 804
327 878 1007 1055 1067 1170
19 48 318 462 551 1192
39 412 615 900 1077 1079
258 303 419 669 885 949
278 487 540 939 1093 1114
16 88 566 721 865 1036
171 224 293 435 776 898
207 319 415 528 695 1163
166 198 249 565 811 938
14 373 499 570 717 763
72 185 313 672 719 1094
23 170 256 461 592 797
22 308 454 493 731 758
156 397 867 942 1060 1071
45 117 138 398 407 568
205 227 257 306 764 890
71 200 588 604 1169 1195
142 288 597 1076 1132 1171
259 350 430 463 832 1011
44 176 339 401 1118 1126
46 267 456 483 768 968
492 524 724 839 1019 1041
353 515 646 750 1098 1166
222 238 453 736 894 1023
169 385 516 691 821 893
137 161 351 732 790 875
309 549 605 657 965 1006
131 294 345 535 581 988
115 151 228 770 1110 1135
211 317 372 388 439 495
260 508 647 759 812 1084
357 452 624 733 744 925
291 358 384 554 802 1200
168 202 343 403 546 874
230 494 627 805 837 961
57 584 819 1016 1100 1180
208 359 544 579 629 990
157 277 572 771 836 905
194 290 635 670 722 816
262 468 552 641 713 1030
421 465 673 959 1142 1144
600 664 710 769 1061 1120
53 190 252 450 887 916
192 625 761 774 978 1167
507 567 652 680 835 1062
204 311 688 943 1112 1178
174 316 459 755 793 1027
167 196 387 573 785 1131
478 675 800 906 1001 1051
32 382 476 543 692 765
225 488 537 678 857 936
95 520 527 833 877 984
87 251 425 561 1059 1101
226 233 557 637 753 781
114 275 368 686 1066 1096
21 188 189 621 685 987
4 99 448 879 944 1086
18 30 245 616 807 854
287 610 701 825 946 981
33 146 153 472 962 1049
512 539 796 840 1048 1107
5 92 154 213 534 723
181 410 417 598 649 1191
284 510 536 853 923 1186
352 489 533 623 743 1111
148 296 302 383 1017 1137
113 422 431 682 720 927
82 266 363 424 426 1128
147 329 340 639 858 911
29 274 427 910 1039 1068
286 420 677 895 971 1196
54 93 216 937 1127 1181
120 187 870 904 1073 1197
25 301 436 531 714 868
104 126 135 932 975 1058
406 658 735 1004 1139 1159
341 593 772 871 926 1010
130 217 484 1037 1097 1156
