380 425 993 1005 1055 1135
17 118 154 509 906 950
108 419 543 984 1070 1181
217 447 604 1064 1095 1110
192 236 399 689 1024 1125
744 814 939 948 1114 1122
776 899 923 1062 1083 1128
2 224 426 1012 1129 1133
190 445 779 1017 1119 1159
197 315 629 1104 1108 1133
523 557 603 812 1101 1136
122 340 446 635 668 886
345 538 581 962 1111 1141
203 711 728 862 1146 1156
55 96 110 698 865 921
27 202 259 386 401 1150
64 105 554 986 1108 1141
324 882 1011 1028 1099 1100
62 356 504 521 870 1010
349 597 800 1079 1092 1185
52 74 318 442 784 1059
186 499 525 548 1058 1189
431 520 539 828 978 1167
438 443 508 857 944 1194
63 179 1047 1101 1187 1197
191 354 395 494 791 1135
336 357 468 572 891 1050
373 810 977 1066 1071 1092
460 846 850 924 975 1036
194 380 704 1079 1093 1191
168 273 1012 1026 1177 1182
42 87 141 226 508 1125
68 302 610 1107 1145 1179
45 563 1092 1162 1168 1190
818 992 1071 1086 1162 1171
112 586 622 918 1044 1196
391 537 865 1071 1154 1200
66 411 663 671 1060 1129
143 181 713 767 1079 1112
357 787 973 1117 1134 1177
123 278 697 1096 1137 1173
37 47 76 301 1115 1155
511 577 786 1055 1165 1175
50 107 206 815 838 1074
375 788 864 1030 1077 1175
51 512 583 992 1131 1144
161 591 663 793 991 994
32 165 871 997 1081 1138
220 258 352 829 1057 1163
262 721 890 1009 1073 1172
10 201 474 895 1025 1149
672 1008 1105 1148 1178 1191
421 532 788 824 880 1090
441 673 829 889 942 1199
25 41 155 826 1127 1163
60 268 399 1069 1100 1200
3 7 252 477 1053 1136
181 372 590 1040 1091 1126
174 344 402 771 789 1023
80 218 416 685 981 1113
325 717 979 1037 1131 1185
272 473 651 804 960 1174
440 832 1025 1042 1056 1173
971 1028 1052 1059 1078 1191
109 454 489 887 933 1148
470 983 1063 1069 1182 1192
623 646 878 894 911 1144
4 64 173 293 631 1027
790 908 1002 1136 1155 1180
82 781 840 1072 1091 1105
191 251 428 835 849 1197
669 670 896 964 1003 1081
66 777 1050 1062 1101 1163
311 964 1008 1071 1074 1185
421 687 798 1036 1174 1199
599 717 820 946 1078 1154
542 710 845 987 1066 1129
266 715 742 957 1104 1143
225 406 552 605 978 1026
636 696 714 988 1170 1172
136 745 825 834 853 1024
20 122 256 365 384 444
330 490 657 708 824 1142
81 993 995 1010 1159 1168
379 588 837 880 988 1122
132 482 649 1137 1191 1197
30 246 491 951 1059 1105
46 53 616 1018 1056 1171
71 500 792 989 1077 1192
90 574 849 879 901 1136
218 328 423 850 1041 1166
209 762 775 1001 1131 1190
1 291 894 1177 1187 1192
320 345 498 574 959 1108
497 555 690 757 907 1037
252 560 848 990 1074 1099
12 603 622 877 960 1140
420 492 546 837 924 1047
377 379 531 984 1000 1041
96 240 564 781 802 1198
299 366 658 783 809 1061
46 530 905 1038 1067 1112
41 466 625 680 1081 1137
428 454 459 801 874 1079
15 232 469 534 890 1170
55 120 655 1041 1121 1151
10 300 687 756 1003 1051
229 310 363 1112 1121 1178
475 757 811 897 1064 1088
88 285 585 1040 1058 1109
350 390 581 913 969 1057
202 205 307 595 1051 1060
106 846 1053 1075 1096 1134
310 932 1055 1154 1169 1183
210 231 439 868 1115 1197
255 330 348 441 810 1060
372 375 433 608 1134 1194
85 147 257 439 841 1135
19 653 793 913 949 1124
56 789 842 944 968 1128
326 452 517 982 983 1162
91 806 819 900 987 1076
228 264 400 759 1056 1129
248 398 639 809 1111 1135
21 587 731 909 942 1054
129 134 738 804 1068 1185
58 251 599 754 1080 1085
212 334 409 461 501 1176
86 968 1086 1094 1127 1158
159 337 940 1034 1126 1157
481 853 893 1041 1116 1120
607 826 878 1001 1146 1158
8 124 333 604 891 1099
69 342 516 1098 1101 1158
471 796 1005 1006 1019 1085
148 527 782 816 1130 1188
346 365 514 842 996 1064
761 804 1018 1074 1160 1179
9 160 286 825 1054 1182
103 625 765 830 957 1161
132 186 705 1061 1093 1103
457 701 922 1002 1022 1167
183 777 778 935 1129 1168
50 1008 1082 1113 1158 1164
33 582 791 1009 1130 1144
125 565 568 909 1043 1101
117 275 667 1099 1114 1198
163 199 274 547 869 1141
270 583 618 737 1099 1160
13 430 618 764 874 892
153 728 1107 1146 1176 1182
115 834 1048 1088 1096 1150
190 611 1046 1088 1111 1147
70 207 320 696 879 1058
31 99 239 353 903 1075
185 211 277 499 611 805
107 294 552 969 973 1168
296 484 536 1149 1158 1191
23 785 1027 1100 1170 1195
93 752 758 853 934 1175
30 358 378 596 619 701
210 369 641 851 1029 1147
214 360 646 1015 1145 1180
149 298 313 417 860 1121
834 1113 1175 1187 1191 1192
491 526 598 729 1028 1150
54 394 986 1036 1049 1179
360 543 1051 1071 1123 1142
95 139 216 363 631 820
27 85 358 1073 1157 1166
450 575 859 929 1149 1197
386 510 709 1023 1160 1162
101 241 412 432 733 1084
100 224 247 270 684 780
180 723 783 799 1088 1099
53 539 877 947 1137 1180
349 373 382 1059
16 342 929 1048 1070 1088
418 438 712 1000 1085 1172
165 196 215 518 788 1169
248 291 327 613 918 1181
276 351 992 1080 1085 1193
93 449 739 773 868 1076
231 589 748 922 928 1116
820 898 923 1161 1196 1197
350 453 529 917 1096 1178
414 797 991 1037 1052 1159
95 402 945 985 1049 1076
602 1002 1139 1149 1177 1186
260 490 838 1065 1087 1117
183 512 1035 1049 1181 1184
84 144 315 714 1095 1170
666 681 776 1083 1126 1189
97 339 727 1122 1151 1188
9 424 556 990 1119 1176
361 434 767 903 920 1171
387 459 1109 1143 1177 1181
137 927 970 1074 1147 1189
267 1026 1038 1046 1062 1127
195 200 524 908 988 999
498 594 779 790 805 988
102 1006 1047 1058 1132 1157
244 410 870 1031 1152 1154
33 716 958 967 1150 1164
156 172 1049 1098 1115 1184
115 883 884 1058 1140 1165
22 168 994 1051 1096 1140
150 1080 1086 1101 1182 1183
22 81 276 885 1094 1119
279 408 467 571 1143 1156
26 94 765 888 1040 1118
99 102 169 655 1090 1120
136 175 356 760 970 1072
134 149 233 407 648 842
801 822 965 1063 1110 1117
48 875 986 1124 1170 1179
14 286 326 340 980 992
89 263 279 293 1081 1196
88 321 951 1127 1155 1171
931 1052 1192 1195
187 304 1017 1140 1159 1173
391 592 770 813 840 1098
174 368 433 802 930 1121
114 295 1048 1067 1091 1166
813 830 915 1042 1062 1087
240 559 718 764 969 1180
16 238 273 667 1114 1152
729 750 1125 1165 1173 1180
926 1038 1050 1175 1181 1193
43 130 242 526 1104 1169
75 715 884 1017 1172 1195
562 615 851 857 1035 1144
737 965 1020 1035 1098 1136
176 212 442 699 971 1067
507 750 860 942 953 1186
187 463 619 683 906 1138
261 369 1032 1052 1075 1147
420 738 787 1019 1057 1112
72 557 795 893 1104 1190
814 904 1004 1172 1188 1193
289 389 757 812 1023 1048
485 570 1001 1125 1133 1161
679 752 874 1058 1118 1193
110 607 643 720 1089 1186
238 837 898 958 966 1192
531 698 770 803 939 1054
494 966 1007 1090 1143 1169
184 203 230 254 976 1014
67 332 1006 1042 1066 1083
57 166 648 868 986 1156
466 661 774 776 1034 1185
412 533 535 839 901 1137
353 521 794 961 1169 1195
735 773 1045 1050 1153 1170
15 907 912 954 981 1113
255 627 827 866 916 930
378 457 518 956 1029 1088
261 288 634 867 1068 1097
36 117 959 1078 1134 1151
266 282 937 1068 1132 1148
753 949 1062 1070 1084 1191
98 413 666 736 1013 1159
229 633 709 747 772 939
637 644 647 772 1128 1173
164 244 590 848 917 1193
156 404 713 809 1047 1156
733 742 792 980 1072 1152
69 305 456 979 1105 1200
695 726 767 768 811 1166
83 162 734 904 1034 1093
29 503 769 929 940 1092
292 1032 1065 1108 1140 1194
123 197 344 795 1031 1184
75 390 417 675 1102 1163
167 207 232 991 1076 1159
177 765 823 952 984 1106
228 855 999 1046 1145 1170
525 799 887 908 1090 1145
341 427 486 979 980 1164
271 312 854 1083 1156 1157
7 477 916 1025 1092 1152
71 84 193 528 532 1032
225 803 932 974 1029 1177
435 549 579 923 1135 1160
124 384 580 704 1096 1120
259 382 664 869 979 1146
269 787 925 1072 1126 1138
612 817 844 985 1045 1141
322 338 562 1033 1086 1177
204 343 449 766 871 1067
530 777 782 814 955 1130
189 213 540 880 1149 1153
48 265 640 945 982 995
171 182 235 366 952 1144
678 764 991 1077 1087 1187
77 480 927 956 996 1163
415 495 563 902 928 1106
572 740 876 990 1071 1111
630 751 810 994 999 1103
1 146 336 367 1083 1127
57 59 741 1049 1051 1055
131 616 673 943 1106 1187
317 351 355 718 1120 1150
121 312 840 947 950 1140
8 451 688 741 816 1184
285 479 513 628 831 1149
39 481 852 1053 1123 1156
63 185 250 657 974 1122
672 1022 1039 1073 1189 1190
104 778 850 1033 1089 1141
6 113 152 158 1106 1183
178 863 882 1102 1151 1186
306 347 500 693 1049 1146
114 219 468 720 1112 1176
422 523 920 1109 1155 1175
4 392 732 1069 1092 1171
313 781 858 996 1179 1195
573 736 793 873 1059 1170
17 322 847 1031 1043 1074
113 258 290 578 921 1111
488 638 739 886 945 1168
812 913 1075 1083 1121 1148
103 431 780 1069 1135 1188
83 198 600 824 936 1055
245 580 624 899 978 1039
146 239 588 685 766 1102
44 584 683 800 870 1061
78 91 476 577 1090 1160
62 143 182 637 1052 1114
393 606 692 1115 1124 1159
12 18 338 741 813 1089
72 633 771 938 1128 1133
796 892 1014 1070 1115 1173
65 111 281 770 833 1113
662 828 925 982 1047 1119
35 184 287 566 1019 1067
138 414 652 1063 1173 1194
29 287 555 927 1104 1179
142 503 662 946 1003 1086
160 434 1001 1078 1087 1143
381 416 463 987 1125 1139
42 467 897 1045 1054 1076
566 872 963 1073 1144 1153
303 348 585 746 1064 1109
335 775 785 805 914 965
455 480 505 911 941 1195
587 808 1055 1082 1135 1187
153 538 743 903 1009 1110
331 541 560 576 589 844
470 516 692 819 1003 1178
5 256 364 426 677 1089
527 808 920 1032 1050 1057
403 593 697 749 990 1104
98 668 983 1072 1108 1196
627 808 843 1007 1117 1194
250 283 388 742 889 931
175 267 288 688 759 943
24 78 296 797 928 948
58 773 876 977 1068 1112
130 167 897 916 1054 1061
188 233 629 811 934 1194
660 845 947 1047 1114 1136
242 649 679 748 950 1116
39 86 895 904 1027 1189
151 847 997 1078 1101 1169
51 135 374 640 1011 1134
105 302 489 1075 1106 1197
82 429 536 1065 1079 1085
411 921 1044 1110 1133 1178
271 999 1065 1084 1143 1186
260 910 963 981 1100 1151
19 150 308 844 1051 1174
213 361 427 483 712 1163
157 819 836 912 1015 1084
317 506 821 1030 1147 1181
329 405 483 591 955 1078
297 452 674 705 885 1046
262 561 613 960 1140 1153
249 737 1087 1097 1147 1164
703 1007 1021 1120 1162 1165
74 106 435 771 1050 1110
145 502 797 893 1016 1029
179 823 931 1077 1182 1198
43 155 1013 1143
223 335 883 899 1097 1102
359 437 725 1082 1103 1138
49 193 264 867 1021 1116
370 807 905 1107 1130 1192
200 636 681 832 1015 1119
682 831 862 898 985 1059
316 395 545 755 1099 1110
20 127 339 517 544 1062
140 311 645 735 1153 1166
24 80 806 848 1129 1154
189 294 362 822 1095 1107
371 744 778 785 1054 1188
60 198 235 487 678 774
209 410 462 548 558 1116
201 359 383 731 1002 1157
301 436 514 609 1102 1154
263 321 529 695 1117 1123
314 485 888 1012 1161 1186
129 460 892 915 994 1089
299 617 656 754 1045 1164
497 694 724 1024 1066 1110
609 807 833 1081 1112 1182
621 843 1108 1119 1122 1141
556 707 859 968 1052 1094
509 794 987 1115 1132 1161
549 755 775 961 1027 1097
394 511 606 1021
747 768 855 1034 1073 1131
127 172 558 1020 1139 1185
471 493 541 569 918 1056
94 422 472 617 924 1138
216 246 540 1060 1067 1109
409 660 661 719 756 907
126 753 760 875 935 1114
101 674 884 995 1022 1176
73 387 424 659 1154 1158
3 419 453 866 961 1124
220 783 967 1048 1083 1198
176 253 505 902 1081 1131
533 711 843 1060 1120 1160
462 838 864 989 1014 1190
14 528 1063 1079 1126 1184
219 222 948 1130 1155 1165
49 227 297 750 1030 1173
305 465 578 836 1015 1164
5 831 954 985 1105 1182
440 680 823 1073 1098 1122
56 455 568 780 896 983
702 710 722 932 978 1180
423 472 719 862 877 1007
740 1014 1051 1070 1091 1194
534 626 818 1077 1102 1179
221 474 635 676 866 1151
726 825 937 981 1064 1183
13 76 230 652 1167 1193
100 208 362 401 997 1178
469 996 1065 1097 1137 1158
265 830 962 1023 1162 1164
119 139 584 933 1123 1177
79 243 547 1022 1038 1142
87 116 151 747 1132 1193
147 632 798 835 873 1071
131 447 544 883 998 1103
397 601 1103 1128 1132 1168
856 900 919 941 1118 1169
128 388 623 721 858 953
283 284 671 977 1033 1042
319 535 615 761 766 832
65 445 501 871 886 1004
116 272 406 944 1057 1111
92 133 502 792 836 1050
328 694 1048 1054 1095 1198
128 316 561 730 1113 1157
821 854 1035 1116 1134 1159
249 327 707 1074 1145 1167
650 702 914 972 1087 1171
154 318 1056 1094 1137 1196
166 323 486 682 706 1134
61 407 1063 1089 1175 1188
403 935 1146 1151 1162 1164
38 121 1068 1085 1130 1196
23 97 829 972 998 1167
119 448 736 863 865 1075
152 571 972 993 1082 1096
551 610 641 651 938 1020
343 936 1039 1052 1092 1136
214 298 398 404 405 598
194 817 1082 1167 1174 1183
415 495 863 946 998 1148
383 789 841 894 1004 1184
324 734 1011 1031 1036 1102
323 370 751 1069 1132 1197
630 887 1065 1095 1107 1175
140 211 443 675 1057 1166
135 223 234 570 1090 1190
34 492 1016 1028 1080 1116
241 300 450 858 1171 1193
245 400 1097 1127 1174 1192
169 448 806 1053 1068 1138
430 693 980 1066 1111 1178
73 389 1086 1148 1150 1187
507 725 971 1039 1124 1152
751 754 846 967 1091 1118
26 593 769 1019 1059 1067
141 332 346 519 1088 1107
289 554 841 900 1058 1200
173 550 596 676 975 1016
275 638 1020 1072 1076 1114
488 628 677 821 1044 1156
36 92 473 1073 1125 1152
25 35 716 1010 1047 1180
90 859 1091 1139 1147 1148
436 582 601 665 699 827
68 700 890 1124 1131 1155
59 304 371 377 1063 1106
334 458 546 938 976 1016
522 732 901 962 1013 1115
109 126 192 281 740 791
408 504 670 762 974 1121
306 686 937 1060 1094 1183
28 37 111 626 782 902
856 1026 1065 1153 1198 1199
397 653 761 875 1123 1184
429 639 966 1100 1107 1149
236 368 784 995 1009 1098
40 89 795 826 1178 1186
308 1004 1064 1097 1169 1194
247 319 1094 1109 1145 1155
564 602 608 958 1061 1167
67 478 856 933 953 1105
108 284 1095 1117 1152 1188
686 860 867 906 912 1166
347 542 594 800 861 1049
309 634 650 796 1093 1160
47 835 1043 1056 1072 1183
307 413 551 769 911 1075
352 818 915 1104 1142 1189
45 802 1145 1176 1180 1190
125 144 881 910 1043 1055
654 768 784 1165
355 478 565 620 963 1195
104 112 815 976 989 1126
120 456 524 573 691 763
161 277 280 1093 1167 1181
52 847 926 943 1053 1156
221 658 817 1021 1127 1171
269 461 614 1057 1094 1165
11 476 746 873 1151 1172
376 519 595 654 1149 1198
567 576 727 790 1082 1142
515 684 723 1006 1012 1126
178 855 941 1138 1163 1185
354 620 839 1084 1158 1189
257 730 758 888 975 1190
163 553 691 703 864 925
31 396 786 839 852 1148
208 393 537 926 1109 1154
61 432 458 522 857 1005
170 367 755 940 1080 1091
38 79 951 1076 1121 1128
479 506 515 632 656 762
227 303 801 803 1018 1122
331 550 664 930 1060 1061
44 157 1025 1077 1113 1142
278 381 487 496 752 949
614 895 1013 1040 1070 1108
706 861 1033 1119 1125 1163
253 254 374 745 973 1162
148 861 1069 1089 1179 1184
54 964 970 1146 1166 1189
142 290 569 597 934 1078
760 1000 1008 1066 1133 1150
2 137 437 475 845 919
314 743 872 881 1120 1174
605 851 959 1030 1118 1174
217 465 708 885 1084 1093
624 807 881 952 1000 1142
493 753 772 774 1161 1183
237 325 669 748 759 1061
553 644 799 1086 1117 1161
196 647 882 1011 1181 1185
280 396 852 914 1066 1196
237 642 917 957 1005 1080
6 70 118 392 444 586
171 215 282 786 816 822
451 645 989 1128 1187 1191
545 579 763 998 1062 1160
341 689 739 798 1082 1132
170 722 779 1130 1176 1195
274 559 1037 1124 1152 1174
159 592 879 1018 1024 1053
28 205 268 385 484 496
854 1048 1068 1139 1153 1196
145 243 724 756 919 922
40 180 222 600 749 1176
21 177 199 794 849 1010
188 329 659 1053 1118 1186
333 520 878 1064 1090 1100
11 234 746 872 905 1129
206 575 1017 1084 1087 1168
195 425 510 891 982 1188
34 567 749 896 955 1044
164 295 376 869 954 1168
309 744 910 936 1056 1105
32 162 621 1080 1118 1144
482 763 876 997 1085 1131
133 292 513 612 889 1123
158 690 956 1141 1153 1155
642 700 1069 1077 1133 1165
138 665 833 1081 1095 1150
364 758 909 993 1063 1098
18 77 418 643 745 1161
385 446 738 827 1079 1093
204 743 815 828 984 1123
226 337 1070 1100 1106 1198
