302 470 526 661 890 1070
165 221 339 814 873 1151
421 443 659 676 1085 1192
190 498 519 1127 1144 1193
75 207 349 880 1059 1188
18 42 411 499 706 1110
402 997 1080 1083 1141 1152
302 839 844 954 1092 1176
417 780 923 978 1010 1137
307 564 695 744 832 943
179 207 382 445 560 1178
92 258 434 616 876 965
161 740 876 938 951 1074
137 685 713 729 829 1121
176 321 443 809 931 1077
8 30 217 720 1078 1155
552 578 897 1113 1151 1164
227 300 768 936 1071 1136
214 806 948 966 1028 1058
87 199 409 465 800 1139
354 573 843 1147 1160 1188
347 613 635 1073 1092 1192
607 919 946 1081 1099 1174
95 212 274 589 833 861
314 544 870 926 1159 1185
166 438 862 1077
132 474 925 1050 1076 1195
296 330 462 473 918 937
9 301 512 885 1091 1161
33 872 895 1029 1082 1118
15 192 375 727 1106 1136
44 386 485 528 962 1200
67 765 1071 1078 1183 1189
406 537 679 1072 1073 1138
102 171 523 655 884 1161
278 303 503 631 816 938
435 978 1071 1096 1097 1199
28 442 743 851 1169 1176
197 479 582 827 1127 1156
221 354 800 825 961 1018
258 334 611 865 1111 1150
277 566 646 794 828 1144
74 380 910 1118 1144 1151
18 295 369 995 1099 1101
267 268 815 1066 1164 1173
43 867 1087 1112 1113 1183
50 211 871 949 1067 1099
487 792 1150 1153 1170 1196
726 769 905 950 1171 1176
636 779 874 1042 1185 1189
135 446 510 672 699 1115
249 606 804 927 1011 1079
109 475 586 1073 1077 1179
7 342 559 647 976 1061
269 720 786 857 942 1172
301 419 679 979 984 1169
198 723 888 1138 1171 1175
737 846 936 1014 1161 1184
353 387 725 1087 1149 1172
421 702 879 999 1020 1159
506 839 902 1100 1104 1109
1 355 460 923 961 1175
842 857 1089 1095 1102 1178
275 315 377 594 812 1143
22 333 558 611 755 1048
46 140 459 698 820 1041
239 526 769 1068 1118 1164
91 139 230 1063 1114 1173
430 892 970 1088 1132 1191
259 385 1034 1037 1074 1156
30 95 239 592 848 966
463 730 1075 1097 1151 1159
227 576 775 855 1127 1196
774 855 926 953 1121 1172
106 1049 1125 1157
186 405 551 937 989 1167
90 255 390 566 1004 1047
604 789 1105 1112 1113 1137
712 864 866 900 993 1196
705 739 879 944 946 1128
426 469 602 838 869 1198
646 688 835 866 1029 1175
245 348 795 925 974 1174
343 627 801 1072 1087 1096
206 377 432 490 1133 1194
13 188 288 814 1051 1162
588 653 797 871 942 1182
284 584 682 1034 1096 1188
251 505 658 759 777 1196
194 266 365 1090 1175 1190
146 281 1023 1075 1078 1085
114 497 840 1065 1100 1154
787 973 1021 1040 1044 1164
139 371 440 535 1020 1055
256 708 714 922 962 1090
184 328 599 906 991 1090
323 395 404 754 1094 1110
116 237 709 781 892 1188
193 270 368 461 1064 1135
25 383 930 1021 1045 1052
66 413 750 751 872 939
158 372 719 754 762 1007
313 608 671 715 1047 1115
287 336 872 910 996 1089
8 131 754 908 969 1173
290 471 790 1064 1093 1136
167 204 749 810 1163 1198
26 115 508 755 1164 1182
388 458 571 1047 1069 1184
568 847 866 944 1020 1057
662 734 1023 1060 1155 1192
304 772 838 1013 1046 1106
256 260 541 980 1008 1184
295 823 853 1048 1065 1109
321 920 1092 1097 1112 1160
100 391 414 841 1065 1162
770 775 949 1011 1045 1062
106 272 332 761 1145 1184
289 335 962 991 1119 1146
243 344 467 628 861 959
183 683 684 1138 1145 1184
71 545 801 1031 1107 1159
465 776 1055 1143 1157 1191
98 419 626 633 668 1179
268 519 529 794 1079 1193
400 619 763 947 1039 1167
108 449 994 1002 1031 1176
536 544 601 813 923 980
226 389 501 550 1147 1178
225 292 530 820 876 1161
96 210 232 718 1088 1194
355 815 851 901 1130 1199
777 912 951 971 1115 1151
92 686 886 1037 1079 1170
835 916 994 1140 1145 1185
62 171 402 690 771 834
14 63 481 675 823 1118
42 208 878 998 1111 1148
80 753 762 799 988 1006
156 245 819 942 1167 1193
126 140 418 673 990 1179
35 101 565 1038 1050 1160
364 466 652 1103 1114 1177
234 521 776 900 972 996
929 966 970 1050 1174 1194
401 985 989 1126 1180 1181
665 714 961 973 1047 1147
81 494 582 1004 1007 1094
107 130 168 430 889 1086
358 757 778 1061 1080 1128
201 294 701 741 1027 1151
104 157 205 571 917 1018
671 715 875 1137 1146 1184
146 486 504 779 911 914
631 916 931 1047 1070 1158
667 830 982 1030 1044 1128
48 850 913 947 1024 1169
13 216 338 710 827 884
244 674 955 964 1036 1171
398 478 868 958 1113 1150
742 826 977 1083 1153 1176
637 830 1055 1089 1109 1185
182 196 265 501 1008 1049
247 305 311 1051 1066 1183
3 40 904 957 1129 1190
235 368 724 1057 1063 1099
209 308 842 1068 1080 1141
165 299 387 442 832 1053
229 738 897 1058 1068 1096
250 648 1009 1103 1164 1168
745 766 1070 1120
400 687 845 1048 1090 1093
246 656 813 850 1055 1171
433 468 530 975 1147 1197
65 269 386 489 783 1105
213 436 836 848 1106 1180
56 225 621 734 940 1049
229 264 596 787 902 1108
279 383 391 1013 1061 1161
27 36 47 76 808 1127
144 166 352 614 1161 1173
223 420 670 783 1015 1172
320 524 625 751 1055 1133
45 645 784 1110 1123 1148
319 385 390 512 808 1074
570 727 789 802 1072 1137
21 130 1112 1159 1160 1194
153 261 558 726 968 1133
306 310 844 859 1121 1190
399 1003 1072 1078 1184 1195
309 435 764 893 911 963
144 276 549 788 840 1126
433 899 1079 1087 1111 1183
325 562 909 1007 1050 1101
610 655 802 979 992 1190
454 495 745 746 1015 1062
381 624 680 709 1165 1168
263 288 565 591 912 1175
273 353 556 681 694 946
273 338 504 691 1181 1196
113 535 736 782 852 1193
168 976 1040 1091 1138 1173
2 159 658 689 1013 1061
265 317 393 554 806 851
97 192 451 846 1021 1146
339 703 796 1000 1127 1183
4 370 822 956 1092 1153
89 129 697 810 1038 1123
293 463 605 647 856 1010
283 380 824 853 1029 1168
766 907 1042 1100 1101 1168
244 981 1041 1171 1172 1200
215 267 678 1086 1095 1123
280 336 855 1063 1084 1115
178 287 583 956 1113 1163
448 580 884 1022 1081 1101
172 392 882 1094 1163 1180
128 537 756 992 1053 1187
160 736 860 875 1121 1124
514 669 767 877 1147 1162
41 48 64 158 991 1129
69 318 490 770 816 1116
20 538 911 933 934 1116
455 788 959 1091 1156 1197
280 780 1082 1089 1144 1162
304 597 831 907 930 1005
191 467 780 798 819 1065
548 660 1027 1069 1109 1192
373 677 916 996 1147 1191
887 927 1022 1052 1106 1107
285 665 1017 1043 1094 1145
206 374 431 836 1002 1177
143 591 828 988 1103 1163
61 149 174 407 609 1136
80 240 696 717 799 1134
707 840 854 1040 1178 1186
291 891 1091 1092 1111 1128
88 460 674 890 1093 1100
464 1008 1024 1082 1124 1180
152 579 922 1093 1129 1157
110 396 423 502 552 1098
108 195 974 1056 1123 1154
44 49 323 328 796 852
93 950 976 1030 1064 1085
23 250 415 621 1101 1191
88 117 162 813 972 1047
124 492 828 990 1091 1136
316 620 1114 1140 1188 1189
228 472 1043 1086 1111 1133
403 760 816 1122 1130 1141
479 587 707 925 1114 1159
84 199 376 740 1177 1195
70 277 370 638 932 1165
223 557 773 997 1039 1141
224 618 774 1003 1037 1154
24 275 509 1062 1168 1193
154 363 394 587 730 1035
200 281 953 1057 1115 1133
68 376 713 757 1124 1159
868 912 1027 1057 1066 1150
829 944 1130 1132 1167 1187
532 561 598 1034 1083 1117
27 72 238 649 862 1117
66 624 784 807 1058 1106
307 314 597 935 980 1182
522 598 1054 1110 1128 1137
231 384 863 1117 1143 1200
83 132 673 887 980 1049
19 142 306 705 893 1059
656 710 897 971 1120 1140
111 193 666 895 935 1148
218 811 815 1142 1165 1179
432 453 651 864 1148 1158
188 669 888 938 941 1069
589 725 948 995 1132 1168
454 921 997 1036 1067 1165
58 138 791 918 968 983
271 356 469 534 935 1062
507 1025 1030 1112 1146 1188
24 567 1050 1083 1109 1177
657 878 899 909 1063 1109
85 516 578 760 792 1131
315 952 969 1003 1013 1198
359 394 927 1069 1073 1090
181 1019 1132 1160 1166 1186
496 539 548 772 1055 1071
422 752 917 1045 1091 1184
758 863 982 1032 1064 1158
69 84 547 879 1017 1156
253 327 717 1023 1154 1159
41 242 482 1074 1161 1167
120 590 986 1039 1082 1156
105 175 264 452 630 1141
1 120 562 585 1041 1067
276 850 967 984 1088 1108
215 549 1030 1056 1067 1131
86 379 441 606 1060 1141
434 785 820 826 1103 1152
634 981 1094 1144 1154 1155
6 202 369 483 1112 1166
98 600 992 1032 1095 1125
352 729 947 952 1068 1134
203 349 447 603 1105 1135
569 873 1077 1113 1166 1196
372 568 764 791 1157 1158
72 213 564 661 1067 1181
63 577 696 1008 1116 1188
50 82 141 750 810 1119
59 340 761 843 1052 1087
226 741 808 955 1058 1128
11 82 114 693 735 1041
37 576 634 745 896 1096
34 52 151 943 1105 1127
79 363 510 758 865 1105
15 785 936 965 1079 1178
145 241 478 563 977 1106
203 224 459 567 805 871
93 575 790 1053 1149 1192
20 341 481 603 874 1164
150 688 773 892 905 1036
350 365 700 803 909 1125
127 378 404 650 1080 1137
57 262 561 1097 1151 1170
187 1015 1119 1120 1155 1191
4 141 639 681 691 1155
515 694 722 889 1074 1163
3 99 308 867 1060 1139
464 503 731 767 953 1150
194 257 513 859 907 1195
475 532 1056 1105
102 181 604 1067 1079 1185
25 100 231 282 476 894
127 500 585 640 970 1158
170 650 663 1070 1092 1183
172 204 804 990 1080 1195
326 554 685 805 999 1199
133 161 790 846 1106 1139
163 348 1083 1112 1156 1165
516 995 1051 1069 1139 1180
290 546 868 1096 1098 1163
312 704 821 1104 1170 1194
119 134 411 718 728 1065
121 784 1026 1063 1132 1192
282 663 985 1052 1118 1134
202 445 697 1014 1073 1078
253 439 502 1081 1111 1136
160 701 922 1052 1085 1088
167 252 529 747 979 984
179 470 793 849 1060 1089
235 392 398 660 811 1017
94 121 197 698 1009 1152
51 636 1004 1026 1054 1178
131 692 882 998 1035 1192
270 832 1024 1125 1148 1167
590 643 677 978 1051 1053
825 1082 1090 1097 1108 1190
737 739 770 1072 1125 1188
163 431 827 870 963 1149
327 351 497 749 837 1031
67 109 152 505 666 1064
682 940 1166 1186
117 142 424 615 632 1169
294 708 798 1002 1180 1187
788 849 1031 1037 1076 1151
156 283 477 741 899 1120
234 474 986 1077 1197 1198
125 399 612 802 860 1049
211 329 444 1135 1179 1185
35 154 297 649 1026 1049
17 326 456 867 1023 1042
342 418 586 844 1018 1119
31 249 393 623 910 1119
320 533 555 791 1001 1138
945 1032 1057 1135 1166 1186
508 572 579 690 795 800
620 988 990 1086 1098 1177
425 523 600 721 958 1101
364 641 733 930 1099 1131
75 122 298 396 854 1062
630 1029 1044 1083 1087 1133
286 509 869 898 1061 1149
182 252 752 786 889 1150
37 55 542 1009 1117 1181
359 551 569 595 933 1198
577 749 1124 1145 1178 1194
242 527 686 983 1114 1162
49 457 668 957 1057 1134
657 742 1033 1068 1103 1146
524 615 700 732 950 1110
216 274 360 538 860 1195
740 824 1122 1134 1152 1180
455 466 693 824 854 1181
409 609 1033 1126 1129 1173
361 732 755 908 1002 1185
329 556 841 1010 1140 1186
284 746 803 898 915 1129
38 395 1019 1084 1088 1163
299 540 836 1024 1116 1162
420 457 785 1062 1165 1186
129 147 659 904 999 1148
317 357 753 774 932 954
330 894 902 1081 1140 1155
23 54 817 863 1120 1170
311 712 781 926 981 1069
531 878 941 1027 1052 1141
73 408 835 948 984 1132
426 632 1099 1131 1146 1169
46 291 543 614 1108 1192
12 173 337 763 858 1102
51 248 381 687 877 885
185 286 379 1060 1130 1181
343 553 848 1064 1084 1136
76 178 186 1077 1119 1189
81 237 890 956 1056 1169
238 654 683 906 1053 1103
22 180 1035 1088 1118 1143
86 310 397 996 1020 1047
145 289 488 805 886 1107
77 375 462 793 1076 1125
233 260 438 440 988 1001
5 9 28 801 1071 1153
272 351 437 797 989 1085
12 31 64 847 999 1158
738 764 1000 1066 1156 1177
608 1048 1056 1107 1115 1146
143 1133 1134 1143 1153 1179
111 148 601 706 1022 1169
177 356 829 845 1080 1182
915 1034 1048 1126 1143 1174
248 405 756 972 1102 1153
126 536 803 920 986 1100
346 384 605 982 1150 1165
151 187 494 839 929 941
184 408 461 514 881 1038
447 559 838 874 924 971
222 453 540 648 703 1072
602 806 869 943 1079 1149
99 104 319 1091 1122 1187
403 415 471 496 1093 1147
43 1048 1064 1121 1154 1181
198 429 670 778 881 1135
210 263 987 1058 1092 1194
60 128 331 1122 1137 1142
527 622 903 998 1104 1142
103 135 147 486 773 1193
134 522 747 748 968 1080
190 560 888 1068 1104 1110
492 742 856 882 995 1158
17 47 618 891 905 1104
322 357 450 793 894 1123
10 70 531 753 1118 1148
241 480 825 937 983 998
157 292 644 797 934 1116
195 209 795 1085 1142 1153
16 155 633 689 994 1177
220 346 367 1060 1149 1179
118 122 173 913 1070 1082
136 185 557 858 1006 1114
493 728 818 1071 1085 1114
638 748 1045 1056 1058 1149
77 500 699 928 1074 1155
153 254 362 672 1010 1135
54 208 257 358 1117 1198
451 756 908 1116 1132 1144
278 750 877 1098 1108 1169
149 857 913 1019 1084 1094
10 124 901 975 1063 1196
59 113 170 325 345 642
57 344 1005 1127 1173 1174
90 254 412 809 974 1197
123 162 266 520 804 1181
183 574 737 859 896 1156
175 446 929 987 1051 1084
322 425 817 856 1175 1198
19 96 643 952 1026 1066
768 821 914 994 1066 1171
616 783 997 1148 1157 1171
337 495 580 817 1076 1157
205 489 511 954 991 1139
133 664 702 1078 1149 1154
16 36 83 94 230 1142
61 318 331 782 964 1025
112 303 811 1174 1182 1189
397 428 483 830 900 1055
200 382 719 787 1100 1187
78 821 993 1089 1122 1140
116 219 572 822 957 987
271 739 748 765 960 1054
424 450 641 716 1060 1067
5 177 499 1075 1131 1138
613 642 993 1044 1050 1098
476 625 1117 1162 1166 1190
14 45 401 744 1115 1175
228 593 781 880 1006 1100
240 350 413 427 798 1167
222 662 744 918 960 1185
285 513 680 875 932 1068
297 807 1086 1087 1122 1128
105 345 515 960 1001 1111
79 921 1012 1046 1061 1198
78 555 629 945 1065 1081
940 993 1012 1053 1069 1193
136 312 653 928 1054 1172
68 333 410 629 822 1157
55 125 298 789 1152 1195
367 423 441 588 906 1090
361 428 837 933 1105 1121
169 861 978 1046 1163 1197
33 427 594 849 973 1028
546 619 858 1094 1142 1164
581 628 831 1073 1086 1176
637 777 893 1019 1053 1075
313 521 711 733 1032 1103
87 1003 1004 1061 1170 1177
300 389 622 1005 1107 1129
541 1015 1065 1130 1142 1168
97 407 767 826 1063 1134
1054 1082 1170 1178 1190 1196
85 374 775 873 903 1138
439 757 965 1075 1145 1168
107 110 812 1018 1059 1097
373 416 417 607 743 886
62 101 148 1012 1107 1166
29 305 883 898 985 1120
412 525 1077 1130 1166 1191
429 639 676 819 1000 1070
651 678 864 955 1022 1095
362 422 779 985 1043 1086
654 792 842 843 1059 1195
21 65 722 751 1116 1200
610 814 959 1074 1175 1187
488 883 1039 1050 1120 1194
539 617 684 958 1046 1190
118 196 534 595 975 1075
695 883 982 1076 1097 1139
335 563 831 1096 1117 1172
468 477 765 919 1059 1186
11 261 760 837 1125 1131
452 458 723 896 1084 1113
520 543 852 967 979 1170
159 491 735 939 1036 1076
324 378 472 570 1126 1152
233 236 731 881 1102 1152
517 652 746 809 1081 1108
834 1011 1073 1095 1144 1174
40 484 664 675 818 1187
112 218 786 934 1093 1102
123 550 782 920 1016 1098
914 1025 1071 1123 1130 1162
2 456 1011 1052 1058 1126
255 414 834 977 1171 1183
119 180 721 989 1057 1176
485 833 891 1099 1182 1187
138 366 416 931 1043 1078
480 771 951 1054 1062 1197
201 847 1104 1109 1143 1180
32 279 596 635 969 981
176 262 1054 1084 1104 1160
251 449 553 692 1025 1172
34 74 137 511 1040 1042
191 796 901 1000 1012 1121
52 236 1038 1110 1135 1161
89 103 220 259 1059 1093
324 612 711 807 1017 1160
243 617 986 1006 1095 1155
58 341 406 865 1108 1129
29 212 644 759 967 1070
219 388 623 924 1089 1189
26 246 841 1083 1098 1160
247 347 410 581 917 1028
366 626 771 845 1167 1183
73 436 484 776 1001 1153
71 545 547 575 752 1051
599 862 887 928 1124 1191
56 296 448 491 517 584
371 444 963 983 1145 1165
38 115 332 507 542 1124
823 880 1016 1049 1051 1076
53 293 924 1048 1107 1131
758 818 987 1059 1075 1179
360 506 736 915 939 1007
340 1005 1028 1056 1088 1154
7 437 766 794 1009 1150
533 870 921 1102 1119 1193
6 60 217 778 799 1157
32 174 487 573 992 1152
91 518 583 772 1173 1189
169 334 525 1021 1126 1186
214 473 482 747 919 1124
53 316 743 945 1066 1101
150 309 518 724 964 1122
232 498 640 1014 1123 1174
738 768 885 903 1072 1189
645 667 704 759 1016 1102
189 593 763 833 853 1158
528 574 592 761 812 1095
627 716 762 769 904 1016
155 189 895 949 1139 1191
493 1014 1035 1081 1140 1176
