64 377 393 730 1128 1130
71 286 428 506 1106 1175
120 411 415 540 741 1172
133 355 587 749 958 1164
34 218 238 825 1033 1160
36 538 836 887 953 1055
114 121 306 347 675 689
212 270 357 830 1067 1150
18 122 360 367 498 530
68 273 648 828 933 1053
125 140 609 638 716 1103
87 170 211 231 313 890
58 302 341 370 401 592
37 66 191 607 1051 1087
44 72 264 387 465 1158
190 309 424 537 838 885
253 453 590 606 692 1116
65 76 332 560 1025 1114
144 444 645 700 856 888
118 280 549 823 847 1167
11 312 361 372 568 1178
53 579 665 697 973 1020
281 588 874 1035 1135 1144
138 499 664 779 821 1039
93 171 435 544 713 891
235 237 374 595 656 1112
83 527 666 852 854 1189
19 445 631 662 683 948
416 769 826 898 950 991
102 597 613 639 761 1185
60 192 707 793 1036 1183
56 303 447 501 676 1030
2 460 778 882 1139 1140
73 389 545 632 739 899
81 214 323 771 813 844
342 437 641 903 912 1049
17 30 246 327 519 619
260 331 373 400 520 1072
179 384 864 928 1132 1188
204 512 734 758 855 952
143 391 774 800 1134 1186
186 336 550 1005 1052 1187
92 462 575 922 976 1129
88 194 496 737 1066 1108
333 353 365 659 735 859
612 733 757 975 984 1074
100 210 307 522 794 816
293 351 390 839 1117 1199
104 115 470 518 1008 1068
32 412 616 694 861 944
55 552 744 1082 1109 1159
139 228 630 1023 1181 1198
311 657 726 1004 1097 1110
515 622 643 672 686 1125
59 457 727 894 1038 1070
12 236 433 581 1027 1073
8 75 82 105 808 871
15 78 127 141 722 907
16 290 346 746 868 1194
23 28 543 786 987 1071
188 257 583 668 696 970
201 454 492 701 916 995
224 407 483 535 691 1176
43 91 240 553 943 1081
152 276 468 503 571 862
112 197 288 334 448 1169
268 339 652 681 1096 1120
178 202 241 688 728 1121
154 328 405 420 880 1126
116 181 196 751 896 1043
168 258 658 770 803 908
177 308 480 523 636 929
26 146 230 533 822 1137
6 166 429 618 873 1011
51 85 226 500 504 1200
13 489 814 997 998 1015
49 107 297 427 511 731
39 337 485 1113 1122 1131
7 233 263 573 750 787
251 436 715 792 819 1061
42 275 628 685 754 917
175 272 425 706 711 1196
479 507 663 1018 1092 1124
516 759 968 977 1009 1107
5 317 557 593 782 1091
162 566 702 850 876 1184
80 164 463 832 918 993
461 474 505 536 870 1019
25 97 234 599 626 804
189 363 799 892 979 996
156 570 760 853 883 1000
50 203 267 600 911 1174
247 271 596 640 1177 1195
227 249 301 762 954 1041
110 242 300 398 602 818
314 338 502 559 598 1138
130 149 252 394 395 849
67 79 284 670 964 1007
340 704 784 798 961 1142
27 103 582 736 1001 1148
165 343 379 531 1090 1143
451 482 529 693 810 833
184 254 569 897 1095 1191
383 740 801 866 1042 1093
277 410 647 650 947 1100
174 709 848 900 1086 1098
366 382 556 578 863 1026
134 316 409 432 1045 1162
261 509 625 775 1034 1147
205 282 528 783 877 1048
326 380 396 574 981 1141
305 930 934 941 949 1046
126 487 541 558 765 790
124 221 378 458 974 1085
161 215 745 837 842 886
216 250 287 542 773 1111
24 385 732 988 1016 1155
10 61 633 651 661 951
259 439 546 635 679 807
185 426 438 1010 1017 1024
96 135 298 565 820 985
572 615 926 937 955 994
29 62 371 690 841 1065
35 229 614 815 831 915
4 364 620 881 936 1115
14 48 173 368 920 923
585 673 710 788 931 1047
74 534 539 637 695 969
150 299 756 764 840 1012
160 243 358 624 939 1064
98 421 440 524 1050 1078
22 208 295 548 649 1105
40 456 605 747 785 1153
129 330 408 554 1054 1152
52 490 646 653 865 902
136 354 805 806 858 1118
521 580 671 1031 1076 1170
220 381 910 992 1077 1088
21 142 442 703 720 972
137 145 617 914 986 1089
199 356 478 718 980 1056
33 375 586 660 935 1084
193 310 576 699 1060 1192
455 493 621 938 1044 1154
108 278 296 491 514 724
119 219 513 591 812 1013
131 486 627 845 1037 1102
31 183 304 329 698 971
63 274 315 450 843 1163
117 248 473 604 743 802
123 182 449 497 608 932
471 481 577 879 942 1069
3 54 213 388 584 623
106 369 422 555 561 780
9 69 167 285 467 1080
335 525 669 748 1165 1197
404 738 1006 1057 1119 1146
397 755 913 925 1075 1166
41 402 642 717 945 1161
265 443 464 562 1101 1149
90 95 269 469 766 1040
20 86 128 223 289 495
99 195 262 283 352 827
155 348 547 811 983 990
70 392 767 768 797 1028
321 563 594 723 960 966
239 279 611 829 872 1145
89 430 508 776 789 791
147 488 817 851 867 999
109 376 386 654 677 924
77 345 477 721 906 956
113 207 413 441 708 957
206 674 967 1022 1079 1083
176 244 532 719 753 835
151 319 399 564 603 809
222 232 589 644 959 1029
526 567 629 1003 1094 1127
101 322 344 350 781 860
452 517 682 824 893 1059
47 476 494 834 1168 1179
157 158 169 459 466 795
291 320 705 1021 1151 1173
198 209 684 725 982 1156
84 187 349 712 857 1099
225 256 362 904 1014 1062
94 292 423 551 752 1171
729 777 846 919 978 1123
46 132 172 475 510 1190
217 266 318 484 601 1063
667 678 763 940 1104 1136
359 403 418 921 965 1157
446 472 878 946 1002 1133
45 414 869 901 909 1180
159 294 419 680 687 963
111 255 406 714 927 989
180 324 417 655 875 962
153 163 245 610 884 1032
1 148 431 434 796 889
57 742 772 905 1182 1193
38 200 325 634 895 1058
357 513 520 739 1024 1088
6 242 591 651 755 850
21 194 291 323 607 1166
319 539 560 720 909 1109
215 334 419 496 738 773
10 212 289 483 966 1036
234 290 446 536 1015 1186
93 202 525 800 857 1124
58 168 306 1047 1080 1165
296 326 470 847 944 1044
110 283 777 883 1005 1149
50 62 540 783 796 1113
46 256 832 854 892 928
19 160 179 632 679 872
9 67 133 698 845 1121
7 30 158 533 599 813
147 527 638 735 904 915
243 353 530 563 639 711
22 249 316 355 823 913
183 364 596 921 998 1068
109 422 429 552 649 809
257 402 428 441 963 1116
186 235 555 667 1020 1108
214 263 641 721 834 1107
185 342 361 812 951 1111
65 366 490 494 781 1064
32 226 535 879 1092 1187
351 519 581 841 986 1168
231 389 452 931 937 1128
313 420 436 701 903 1050
59 103 328 682 911 1052
52 120 314 511 727 901
27 189 317 561 648 1167
28 371 531 674 848 980
153 1021 1029 1104 1152 1196
506 564 624 791 840 873
18 347 512 595 863 1027
36 53 232 262 514 759
23 301 407 778 908 955
425 438 453 556 597 867
197 206 444 557 616 789
12 332 392 450 459 763
134 335 454 662 810 925
114 156 266 477 509 956
424 734 794 880 941 989
310 716 815 876 1087 1132
5 481 710 907 1119 1158
82 95 479 586 673 957
171 174 305 417 776 861
104 340 499 543 694 985
96 346 395 987 1016 1143
113 149 246 315 500 786
75 723 730 774 1098 1169
368 485 828 838 949 1173
66 152 544 788 814 983
311 349 437 696 945 1039
17 373 455 577 631 1078
516 702 795 860 1100 1148
161 318 367 538 588 868
89 105 764 870 1045 1151
492 518 683 806 920 1042
26 71 199 352 439 1054
14 101 672 769 887 1046
252 259 495 965 1099 1125
196 600 704 770 1077 1146
383 633 811 875 1084 1138
515 608 643 689 697 947
76 154 566 825 1141 1184
172 279 409 489 646 792
244 248 754 801 808 1057
49 216 775 906 1093 1123
175 568 988 1019 1110 1155
132 480 758 929 1147 1157
41 644 645 950 1022 1102
274 405 423 623 799 992
204 432 502 757 981 995
73 191 411 916 1095 1164
98 144 163 691 1131 1182
241 338 369 451 463 1072
162 201 276 286 859 1199
307 385 666 1062 1082 1163
148 288 740 839 1081 1137
142 390 445 751 851 1162
29 87 348 750 884 1013
634 835 878 939 982 1023
384 938 1014 1040 1153 1180
145 284 401 637 650 934
61 165 625 660 760 804
139 273 609 618 829 1061
271 414 465 573 678 749
48 320 657 926 946 1193
55 92 131 534 615 676
180 260 378 562 842 1074
299 569 589 744 933 1067
84 598 927 948 1043 1139
178 218 264 686 1048 1133
181 619 675 718 836 886
115 440 457 497 816 977
78 722 803 831 1055 1060
327 400 529 604 852 1161
146 150 208 229 798 1174
54 141 167 354 474 1006
381 656 663 858 973 1091
74 91 308 807 855 962
63 72 217 388 943 1179
412 491 621 780 1056 1188
143 343 406 628 914 968
137 374 681 726 766 1118
336 341 345 593 725 1001
210 372 486 967 976 1025
434 468 922 974 990 1031
309 312 403 433 612 869
126 255 337 826 865 895
239 350 935 1026 1028 1154
99 129 182 282 416 942
117 219 626 940 1004 1033
1 236 287 294 603 1002
363 442 669 706 743 999
77 325 421 504 642 984
37 159 164 546 622 668
169 277 790 889 1035 1083
329 680 732 1007 1034 1122
551 584 849 871 1097 1134
13 85 176 553 905 979
125 195 225 253 297 380
11 38 56 413 517 542
40 399 418 579 866 1059
111 541 742 765 902 1140
300 386 398 435 554 559
130 211 713 752 853 978
170 193 250 700 748 912
247 610 736 897 994 1101
331 427 507 583 1178 1185
64 890 975 1053 1126 1145
237 339 396 688 797 917
397 447 671 695 772 952
124 228 430 482 558 1090
358 359 659 685 843 960
35 205 620 677 874 1069
34 379 443 590 647 993
51 90 119 230 303 1200
43 636 900 953 1136 1150
102 127 138 157 278 458
15 188 254 268 344 819
70 240 464 737 827 891
184 209 471 478 487 924
4 233 528 545 570 1114
128 265 404 472 729 762
86 100 375 431 613 653
24 192 846 936 1142 1197
83 227 690 708 961 1172
60 654 664 707 717 733
298 971 996 1041 1129 1170
155 532 756 1086 1171 1183
80 108 224 292 488 1192
79 575 665 684 779 918
42 69 121 238 768 782
45 635 652 703 793 1094
116 304 510 606 614 972
198 574 894 898 997 1194
8 200 251 261 469 1120
220 655 785 821 1096 1117
461 585 820 824 893 1176
16 275 550 693 910 991
135 505 888 899 1011 1105
97 281 466 864 954 1049
222 267 376 523 548 959
112 448 526 787 1103 1177
302 580 670 724 1066 1071
20 166 571 617 932 1017
173 365 587 714 930 969
33 106 393 565 882 1135
190 377 415 473 629 1051
221 658 699 1000 1089 1127
39 151 508 692 830 1030
387 661 715 753 923 1008
258 462 501 524 844 1112
456 687 818 881 1010 1130
44 330 817 885 1106 1190
140 467 549 712 741 896
118 207 592 601 1058 1085
25 503 731 862 958 1076
187 394 408 475 567 1009
68 285 449 747 1115 1191
81 410 547 746 784 802
47 476 484 521 1032 1195
123 837 919 1038 1160 1175
324 602 705 719 1012 1075
269 295 391 537 728 1189
3 272 293 370 767 1073
177 213 771 970 1063 1079
356 572 805 964 1144 1156
88 360 582 630 745 1159
94 122 223 576 833 1198
57 333 611 822 856 1037
2 31 107 245 321 1065
270 322 498 578 594 1003
203 362 460 877 1070 1181
382 522 605 627 761 1018
136 280 426 493 640 709
213 317 387 553 1025 1082
292 459 524 694 764 957
169 244 533 585 725 1182
36 78 620 758 831 888
239 269 455 540 550 1179
607 659 660 937 1094 1168
161 437 631 718 819 1183
646 654 868 938 1020 1085
222 300 584 814 1034 1062
80 168 627 677 824 1030
102 229 318 371 569 652
23 158 336 511 1065 1186
126 367 703 731 968 974
10 11 59 700 1127 1170
38 95 148 463 632 978
33 142 271 399 462 1136
218 420 733 805 841 1093
205 268 472 762 848 852
53 197 206 520 539 705
25 55 98 264 518 910
20 51 445 624 894 1041
538 562 689 754 903 1064
289 307 368 963 995 1180
293 799 811 896 1068 1160
379 490 546 772 806 906
162 193 326 698 935 1048
111 203 376 428 625 786
129 342 576 635 1009 1149
207 309 439 480 865 885
12 67 159 686 890 979
49 116 265 1049 1121 1146
2 91 582 787 849 1196
18 199 558 574 651 1148
604 626 678 756 975 1114
325 542 605 681 778 916
141 381 801 1116 1132 1159
182 283 297 444 692 1200
28 529 810 956 1043 1126
173 288 600 821 988 1130
212 513 615 715 726 1007
39 79 499 648 747 858
496 544 557 602 711 1133
118 195 202 782 887 1083
120 217 556 590 599 717
94 310 531 622 683 1141
16 210 238 673 952 1076
372 575 603 861 1052 1185
34 294 313 335 743 1056
77 257 356 684 792 993
133 453 919 1024 1153 1188
97 370 813 1047 1084 1147
390 434 796 984 1029 1173
90 489 653 671 676 1053
6 332 475 1088 1193 1195
83 314 450 781 785 959
220 320 469 716 732 800
157 227 874 945 985 1169
322 422 573 803 836 1013
27 181 183 305 391 826
110 153 525 657 918 1026
242 449 674 728 878 925
48 255 850 1092 1111 1122
287 482 487 696 712 1010
46 127 189 492 739 942
337 357 551 665 709 987
93 591 636 663 730 921
233 339 456 467 545 639
178 230 854 922 1073 1120
166 416 446 838 976 1051
341 484 519 664 953 1178
185 231 276 286 429 477
426 447 451 766 950 1032
72 348 373 438 552 707
61 225 402 432 862 930
140 259 295 365 1046 1089
377 641 687 931 962 1066
35 693 864 1022 1039 1115
208 401 637 724 889 1144
71 560 817 958 1028 1156
419 555 588 740 820 884
362 498 845 915 920 923
1 237 272 493 656 1140
143 155 280 395 613 779
31 47 308 448 530 771
9 60 86 115 291 430
152 366 398 947 1017 1163
658 701 746 804 1087 1194
52 249 541 543 566 1184
130 184 228 481 528 774
137 190 688 893 1112 1167
298 351 407 1019 1095 1164
201 251 905 1016 1060 1110
299 466 567 682 1037 1125
4 177 561 857 990 1001
241 345 471 757 768 1071
358 523 704 753 904 1033
254 267 710 808 971 1123
333 343 364 898 1113 1137
114 361 621 909 1061 1171
76 595 714 961 981 1117
14 109 349 586 720 1105
476 770 965 1005 1014 1119
232 397 414 777 816 866
89 107 375 485 1080 1161
13 113 139 296 619 912
135 273 685 751 829 877
73 301 423 759 907 1011
452 500 640 783 839 1036
793 822 863 869 972 1172
258 324 327 601 788 901
74 278 479 618 736 996
440 548 634 802 964 1090
62 88 134 363 661 875
629 745 939 1035 1069 1139
191 204 209 250 535 998
147 486 547 611 973 1142
534 729 742 815 1003 1057
179 188 316 579 872 1077
330 412 460 495 644 928
24 128 192 353 583 763
82 279 527 608 883 1023
68 515 570 966 1124 1157
45 92 655 769 940 1197
8 84 85 100 334 784
281 474 645 791 1135 1174
253 277 470 823 867 1086
679 830 991 1000 1004 1075
382 512 577 859 1006 1070
105 359 846 880 970 1131
216 442 465 581 669 719
219 346 415 572 834 1044
57 394 501 842 1072 1096
70 122 125 606 897 934
386 497 522 721 833 1128
270 311 642 748 798 989
136 174 417 927 1151 1187
304 312 478 643 706 1098
21 132 354 388 413 983
186 507 873 1055 1079 1108
167 180 274 400 454 587
246 532 598 853 1054 1166
15 138 163 211 458 505
87 418 431 563 675 713
7 215 290 315 723 926
488 695 752 929 943 1181
393 616 773 809 914 994
344 457 735 737 843 1081
41 160 175 807 899 913
5 146 150 248 355 564
40 194 503 537 1045 1091
121 328 427 536 1158 1176
54 65 243 508 755 1107
282 285 421 690 794 951
42 101 123 396 405 982
156 223 331 409 433 443
568 609 749 760 908 1199
17 50 214 323 410 594
58 369 559 856 967 1152
81 104 124 828 944 1042
240 680 870 895 1018 1129
164 198 252 765 1104 1192
302 380 776 855 999 1100
96 103 131 672 790 936
403 662 750 882 932 1059
266 506 571 596 827 954
3 234 321 468 702 837
37 502 638 767 891 980
151 187 610 955 977 1165
32 145 275 1103 1143 1177
75 319 352 392 441 1106
22 360 628 734 840 1015
200 406 668 812 835 1198
306 340 589 647 738 1002
260 378 436 1012 1155 1189
235 284 404 510 597 1040
63 69 425 491 517 1150
30 119 165 494 667 911
389 509 697 741 969 992
44 112 383 408 949 986
176 473 592 666 933 1058
56 117 917 1050 1154 1191
19 106 461 797 1031 1078
224 708 795 946 1067 1101
108 171 263 303 825 832
149 256 262 593 727 1162
26 236 261 347 516 565
154 247 521 722 761 900
338 886 1038 1063 1109 1134
226 549 670 699 997 1145
64 196 435 691 851 881
483 649 818 924 1118 1175
66 172 221 847 871 1074
614 617 623 860 941 1099
43 245 374 464 504 744
350 411 580 876 892 902
29 329 526 630 1008 1021
385 424 780 879 960 1097
99 514 554 789 1027 1138
384 578 612 633 650 1102
144 170 775 844 948 1190
