42 48 189 201 422 469
46 73 143 171 410 424
209 210 363 408 460 502
80 81 253 393 437 464
138 188 281 323 427 498
40 49 92 101 317 440
190 344 358 375 463 483
29 264 270 340 368 459
58 251 266 314 342 466
86 116 192 212 296 395
114 183 240 250 383 512
10 24 76 140 258 497
95 103 155 220 386 462
3 33 69 206 261 487
14 31 170 219 245 289
113 160 185 232 465 481
36 133 173 221 425 438
216 244 269 291 409 415
119 168 277 284 351 510
72 222 259 310 406 485
132 178 230 327 480 482
59 82 135 325 455 488
84 144 248 303 403 445
87 98 347 399 441 458
43 110 163 214 356 454
32 271 285 353 426 467
62 128 166 359 423 494
9 21 200 235 357 367
5 154 158 234 252 431
108 229 239 322 334 414
22 172 265 272 476 479
39 202 290 320 366 378
286 328 392 421 439 504
4 151 164 205 226 388
149 318 324 338 397 508
60 94 225 293 301 511
61 107 302 349 402 443
64 77 148 380 418 435
105 371 401 419 473 491
50 51 78 145 195 246
53 79 126 405 429 478
88 194 199 211 282 501
52 260 262 350 420 457
38 55 85 275 390 505
16 57 179 180 288 384
96 130 337 343 486 509
30 67 102 134 413 474
23 153 203 326 411 477
131 165 207 223 329 373
41 120 136 416 428 493
167 238 331 382 446 475
74 104 175 236 333 361
90 313 379 447 456 470
8 17 20 123 257 449
121 162 176 370 391 430
1 35 66 68 217 360
106 224 274 300 336 376
2 12 26 142 339 348
44 75 146 208 307 472
34 129 161 196 294 315
18 47 169 287 489 496
111 118 127 174 198 495
184 242 283 385 400 506
99 152 278 404 434 450
125 159 372 394 398 442
37 312 354 374 436 500
147 181 247 268 295 499
6 204 241 279 387 417
71 117 243 254 352 452
45 100 255 407 453 492
28 89 177 306 321 484
56 91 273 305 311 432
7 54 83 308 345 355
15 231 304 362 412 471
63 65 109 292 299 330
186 187 193 218 346 503
70 156 228 267 369 444
227 256 263 341 377 448
11 213 233 280 389 433
27 115 182 249 309 396
13 297 298 316 319 335
150 191 197 215 461 490
19 97 122 124 237 451
112 139 276 364 381 468
25 93 137 157 332 507
36 141 191 288 365 420
121 137 170 323 403 463
94 100 179 365 379 406
123 213 262 327 348 486
6 91 138 173 332 452
46 215 338 366 392 475
28 67 168 204 257 423
35 120 164 222 242 359
196 329 424 453 464 507
3 74 118 295 478 512
69 90 114 277 336 401
148 188 293 331 355 451
64 102 161 284 455 457
149 321 342 413 439 441
78 80 156 237 324 479
37 208 236 252 372 456
49 160 172 358 386 410
110 117 128 377 417 445
95 180 248 310 314 477
2 19 140 209 427 498
103 182 249 343 354 484
239 350 411 414 443 493
81 122 174 201 429 465
34 169 298 305 397 488
11 55 108 163 362 461
246 330 385 408 421 494
212 306 318 341 432 508
9 47 88 143 218 340
48 141 230 296 344 485
15 98 266 376 394 500
63 134 186 195 352 400
16 116 132 378 407 495
4 62 131 346 471 509
1 105 211 253 263 431
65 84 129 189 391 505
56 66 245 357 430 437
31 72 107 157 433 490
42 58 210 268 375 473
82 147 255 265 384 504
106 241 363 371 448 492
14 25 171 181 194 267
97 113 119 197 233 285
53 89 152 165 468 503
7 83 166 347 450 458
124 151 177 373 381 438
145 158 280 307 412 470
13 184 275 333 396 422
20 264 447 454 489 499
219 282 287 356 449 476
227 231 247 269 315 325
43 146 175 198 393 472
68 127 299 308 339 462
251 259 380 428 444 497
26 111 192 250 313 405
59 289 337 367 481 510
5 21 229 304 370 474
27 159 162 279 436 466
32 207 214 228 311 351
85 135 185 256 382 482
40 155 199 205 419 440
22 33 133 193 254 326
92 216 270 345 501 502
30 261 281 300 335 459
50 136 328 399 425 434
51 258 274 383 388 511
38 96 190 294 303 506
29 39 75 221 234 292
24 142 235 271 276 291
93 101 126 178 272 480
60 76 77 360 361 402
115 206 243 244 374 409
52 87 104 202 283 398
71 223 225 240 435 491
12 70 387 390 483 496
57 125 150 154 349 404
79 99 167 187 416 487
44 203 217 220 232 368
183 224 290 319 418 469
86 130 238 364 369 460
112 309 312 353 415 446
200 226 302 316 389 426
54 139 278 301 317 395
10 18 23 286 297 322
17 41 320 334 442 467
8 45 61 153 176 273
73 109 144 260 306 399
58 87 286 289 337 478
141 181 323 334 373 506
65 238 293 395 441 465
22 101 184 254 424 507
28 97 233 353 407 485
23 69 75 109 411 501
115 284 378 438 444 480
10 158 198 281 355 469
50 153 322 333 398 467
12 224 241 272 439 477
77 168 230 251 307 367
78 107 352 360 466 505
17 43 176 222 315 440
3 132 234 314 442 508
196 212 226 302 343 425
42 118 140 327 393 436
35 94 186 202 219 445
49 123 155 258 317 397
7 83 167 183 218 253
45 124 166 227 303 385
14 15 84 173 369 483
144 235 313 362 416 504
63 104 134 217 271 435
72 74 142 194 270 359
188 328 354 451 453 489
13 249 357 368 372 429
210 291 332 358 394 408
38 98 152 193 326 446
111 266 319 338 432 493
5 46 88 131 207 400
30 150 182 339 386 460
147 205 250 371 380 409
39 79 304 384 405 455
1 37 403 406 463 472
99 135 206 213 341 494
25 60 62 201 449 500
174 318 342 391 474 502
9 276 311 364 437 512
117 160 240 288 299 419
27 106 229 264 316 448
29 126 133 143 269 459
116 221 274 396 418 475
2 93 162 179 331 422
96 172 279 456 488 490
105 177 208 231 245 347
16 112 145 171 298 458
51 156 232 242 294 329
6 204 351 410 433 479
70 103 122 125 257 415
4 92 256 261 382 491
71 85 139 185 244 310
86 178 211 236 277 473
239 356 375 413 443 498
136 209 223 340 430 452
24 81 237 243 321 377
26 52 89 228 262 287
55 192 278 330 344 401
48 73 82 129 280 450
190 215 365 417 492 510
114 216 267 268 499 509
128 151 312 349 414 420
11 53 148 431 484 511
21 32 40 200 374 487
18 175 404 426 481 482
20 108 137 300 350 392
130 146 260 285 345 423
163 247 335 348 381 447
19 56 301 402 412 428
95 102 170 187 252 476
91 164 265 308 309 496
44 47 57 161 336 370
8 90 113 180 325 366
36 220 346 389 454 468
149 159 324 388 421 495
66 110 189 297 320 470
67 119 157 214 282 503
121 165 283 379 461 486
31 59 76 138 203 427
64 68 191 292 296 383
54 80 154 197 295 376
195 248 275 305 363 462
33 246 255 290 390 497
120 127 259 387 434 457
41 100 263 273 464 471
34 61 169 199 225 361
