54 109 154 190 222 360
15 57 86 181 227 410
30 40 158 280 292 315
3 39 249 254 262 426
21 60 137 333 407 442
11 63 332 352 374 491
25 130 151 176 371 400
4 23 36 56 199 432
77 183 233 339 396 508
182 197 291 311 455 484
28 241 243 423 424 489
135 329 338 343 385 453
55 65 138 265 370 406
49 72 293 308 318 434
59 83 225 229 242 383
9 66 187 263 304 450
146 260 302 335 341 511
78 121 129 231 323 372
51 116 285 297 320 494
34 163 175 223 381 414
99 131 216 296 356 465
75 100 244 277 449 507
16 98 273 427 471 490
50 221 312 319 366 478
29 67 143 207 267 500
42 43 97 210 268 358
126 257 259 286 483 495
52 206 252 301 307 378
90 142 159 191 284 344
70 73 189 212 439 501
18 152 186 305 397 481
136 258 393 403 452 460
38 104 118 127 248 440
71 144 178 246 408 416
62 155 288 322 361 405
46 114 145 150 347 389
326 334 364 386 387 477
8 119 192 264 327 418
2 85 95 165 351 402
92 94 149 220 279 447
69 89 139 177 295 362
19 64 390 430 446 486
115 147 214 377 431 499
117 324 330 411 441 475
48 110 202 261 278 462
194 300 313 382 461 503
309 321 340 355 420 437
84 164 237 422 473 505
198 276 287 314 413 509
24 74 160 173 232 448
22 174 180 281 346 353
45 93 171 228 395 421
32 81 134 299 436 476
37 44 253 269 357 417
122 148 251 256 429 472
47 61 96 211 392 428
14 80 162 230 359 492
7 133 156 179 388 493
113 224 316 391 474 479
124 169 196 271 379 444
106 193 298 384 394 425
10 213 289 354 457 497
1 234 325 336 398 404
12 185 195 469 482 487
107 111 184 201 235 368
17 91 294 306 337 496
33 102 161 317 365 488
82 105 250 375 380 456
238 239 272 409 419 512
31 283 350 367 451 464
88 153 157 217 373 466
26 53 101 120 236 415
76 204 348 435 468 498
13 255 433 445 470 510
20 35 170 205 454 502
209 226 247 349 463 480
5 6 140 290 328 342
128 132 168 188 218 412
27 41 112 303 331 485
79 203 215 219 310 363
103 208 266 274 345 401
58 87 376 458 459 506
123 125 167 399 467 504
141 172 245 270 369 438
68 108 166 240 275 443
20 198 200 282 426 499
16 120 175 208 303 472
5 83 297 334 421 484
41 82 205 300 308 366
62 295 355 395 464 496
111 142 167 289 408 478
9 51 138 165 264 359
31 124 145 212 403 455
143 178 234 349 445 474
18 86 224 316 386 509
48 85 94 164 209 502
52 79 294 389 424 493
38 80 190 235 314 319
12 219 251 422 440 494
6 155 186 309 420 483
88 101 241 307 413 507
97 121 192 370 416 481
10 125 141 362 407 476
93 127 287 353 433 479
13 61 146 184 221 419
43 147 196 216 368 415
66 220 268 327 383 463
34 47 267 293 462 470
74 131 232 272 318 432
8 27 39 45 239 315
28 53 96 161 270 354
99 203 228 231 261 446
89 170 194 430 435 444
3 60 240 339 392 434
33 102 135 139 162 495
23 32 98 168 312 511
55 109 345 393 394 449
58 182 223 298 344 373
68 117 222 225 276 388
116 201 286 335 382 492
107 254 313 365 485 501
26 189 217 299 405 467
176 306 350 378 379 510
57 195 245 406 465 498
56 67 71 77 247 442
133 181 197 363 376 490
21 173 191 271 425 505
22 24 65 151 282 399
25 91 119 325 369 404
35 78 159 248 322 461
69 277 387 436 443 471
75 150 337 374 381 460
112 227 290 409 429 504
42 72 136 157 199 423
7 50 103 104 236 360
19 64 148 158 330 475
263 274 336 352 367 453
126 171 252 332 375 454
106 279 326 398 488 491
87 90 256 304 341 451
59 160 174 185 207 292
114 152 259 358 428 477
122 215 380 396 459 503
291 347 384 402 480 497
40 44 76 153 166 218
11 15 17 262 275 361
63 140 169 311 401 410
2 149 265 301 390 438
266 317 343 377 448 487
84 193 244 280 310 486
36 70 134 238 258 302
156 213 285 323 391 452
137 172 200 204 233 296
73 128 129 255 284 450
118 183 253 321 466 468
123 246 320 338 431 447
115 214 414 418 482 508
92 163 179 229 260 305
108 187 243 269 328 500
81 130 180 257 356 456
1 14 49 113 177 385
110 206 333 346 412 427
30 230 249 273 331 351
4 37 154 348 371 489
95 226 283 400 469 506
105 237 397 411 441 473
211 364 372 437 457 512
100 188 210 250 288 439
29 46 144 242 340 458
202 278 281 342 357 417
54 113 132 324 329 457
62 90 100 255 300 343
153 269 307 309 339 472
80 188 261 326 378 495
56 138 270 272 467 505
128 233 297 304 379 462
48 142 205 226 353 475
96 223 294 313 322 444
181 191 195 306 367 500
21 202 216 301 385 485
33 95 230 285 369 471
108 180 193 374 377 425
38 43 111 231 395 486
206 253 263 370 447 491
28 34 152 175 229 274
55 119 346 349 387 507
104 118 156 271 336 347
47 340 351 368 413 460
3 44 235 352 403 469
122 141 232 287 289 386
16 66 109 409 415 421
121 179 215 383 400 410
58 67 76 328 435 494
22 105 214 396 399 499
24 63 143 204 220 338
11 17 27 198 264 345
71 166 182 303 371 492
26 89 123 219 262 359
77 127 139 241 361 393
87 157 197 291 337 473
37 53 78 102 242 280
6 86 99 129 194 463
40 155 176 244 260 330
83 222 266 290 382 428
14 140 174 252 318 350
23 170 224 335 402 414
35 81 94 125 316 493
7 74 185 348 437 498
10 19 117 184 356 480
9 85 165 245 254 487
25 173 189 247 430 496
4 59 110 171 277 458
36 82 227 268 334 372
29 51 54 126 146 512
209 218 225 419 479 484
116 133 172 302 394 510
310 333 427 432 433 464
213 279 295 366 373 448
251 412 440 466 470 504
39 45 236 273 283 388
68 70 212 308 424 482
12 132 240 296 375 459
162 211 292 384 404 443
106 151 159 341 342 506
101 167 217 243 259 449
69 107 203 278 305 503
178 364 381 426 450 490
135 154 398 423 429 446
30 42 52 323 355 418
93 136 276 324 329 497
124 199 258 365 451 511
2 8 61 84 208 288
91 97 147 327 354 442
112 148 149 246 362 408
98 201 363 380 456 488
5 50 65 164 239 314
120 144 196 445 478 489
41 115 183 190 401 405
75 161 186 311 358 502
73 228 256 407 483 509
187 192 238 281 282 315
160 163 325 438 452 465
57 60 137 249 331 501
32 134 168 293 320 411
31 88 390 392 436 474
13 265 284 298 376 431
131 177 200 248 312 391
46 64 234 299 454 476
15 20 114 158 169 344
49 250 286 317 332 508
150 360 406 420 453 477
257 267 321 417 434 439
79 145 237 416 455 481
1 18 130 275 461 468
72 207 319 357 389 397
92 103 210 221 422 441
