2 96 205 264 328 397
58 298 313 422 471 507
14 60 99 142 217 355
163 296 416 450 480 508
167 207 279 371 402 455
101 201 290 418 470 489
50 93 178 210 309 428
44 229 244 400 441 487
22 126 199 259 412 494
19 157 281 415 457 458
138 224 230 288 360 366
100 168 292 367 435 506
311 319 388 408 481 483
86 135 271 276 380 442
233 335 344 354 394 433
30 69 228 321 362 363
82 187 293 322 410 482
73 102 103 151 414 496
31 162 173 211 349 504
17 113 114 375 440 510
67 117 272 314 377 488
129 156 174 204 246 373
33 37 221 266 270 389
63 97 98 295 318 436
52 91 238 257 376 407
71 191 216 247 439 468
90 192 275 289 320 348
6 74 253 256 305 426
180 181 285 336 413 419
42 132 136 188 273 339
11 51 111 193 381 434
36 46 186 258 447 448
236 284 300 479 485 498
78 144 155 166 255 312
53 164 225 249 343 505
128 183 197 208 231 372
121 184 265 345 405 474
23 65 72 106 268 365
5 10 80 130 330 409
54 108 124 137 169 446
49 75 220 222 241 429
45 89 149 152 185 443
95 175 212 417 503 509
15 200 353 359 386 391
158 203 235 334 374 473
32 84 131 150 370 437
3 79 143 280 287 297
62 215 331 396 404 472
87 240 248 310 324 352
8 92 198 242 351 438
1 18 41 160 239 369
83 110 326 421 449 466
182 337 382 385 461 492
13 127 194 277 315 430
4 177 206 364 406 511
77 232 237 393 432 497
116 294 350 356 383 456
76 245 299 340 420 445
139 260 329 333 342 398
39 165 209 327 401 493
29 109 254 261 392 469
94 118 134 189 243 332
26 38 61 88 283 361
9 122 154 278 302 490
27 55 274 357 368 387
25 125 159 269 303 316
105 112 190 214 424 478
68 252 262 384 453 462
119 148 306 452 467 476
56 161 282 338 347 464
48 59 81 379 463 500
12 57 115 140 451 495
20 40 85 171 250 346
21 133 195 444 491 512
145 179 196 213 308 431
43 64 170 251 267 325
28 66 123 291 323 484
70 147 234 286 358 499
153 202 223 427 460 477
24 172 341 390 425 475
47 219 301 307 395 411
7 104 107 218 304 423
34 120 141 465 486 501
16 35 176 227 399 403
146 226 263 317 454 459
1 63 295 378 436 502
33 229 333 355 422 466
81 167 239 260 458 478
35 42 242 383 402 442
66 141 162 321 349 365
58 85 90 143 177 188
24 209 374 387 404 500
124 267 284 359 427 462
6 112 170 276 380 499
15 271 274 302 490 501
73 95 155 306 391 477
4 16 45 397 419 505
153 236 248 360 415 476
46 135 156 259 272 345
26 57 249 285 371 405
40 232 269 364 441 465
41 50 202 315 325 472
75 84 296 301 313 354
55 78 82 293 356 412
38 377 407 438 448 475
88 192 198 220 323 431
70 138 231 358 447 470
27 128 182 210 237 292
59 127 174 186 255 463
30 87 201 246 457 467
23 102 123 281 416 454
74 132 187 289 299 453
29 178 304 312 376 509
93 118 146 379 426 504
10 61 152 235 449 452
94 181 394 430 432 440
157 203 204 328 373 508
39 48 163 197 234 340
67 121 278 443 446 496
5 56 76 105 256 456
219 258 283 318 473 510
120 137 161 212 262 309
37 106 225 300 344 347
108 245 290 342 464 488
89 97 183 185 317 502
32 147 208 257 350 484
150 241 339 408 479 512
14 49 77 228 437 460
103 169 240 298 444 498
68 221 297 361 362 392
83 109 144 275 338 481
53 130 131 158 250 401
12 310 332 389 420 435
168 184 191 211 343 428
92 126 251 417 439 497
3 60 71 166 195 213
13 175 218 224 286 483
216 222 390 403 406 507
266 314 322 336 346 370
99 133 270 378 386 413
8 79 214 326 455 506
20 21 104 434 468 492
207 352 367 388 411 493
31 100 268 308 450 474
22 238 320 331 489 511
119 159 252 303 316 372
114 151 273 421 482 503
206 337 363 399 424 445
47 51 72 113 116 414
65 193 327 335 385 433
28 36 44 164 459 485
7 52 64 160 265 495
34 190 243 244 263 486
172 223 279 471 487 491
122 139 311 329 400 429
9 142 180 247 288 395
107 148 176 294 366 393
165 264 341 396 418 494
98 140 196 319 334 398
189 291 305 348 351 353
96 129 215 287 384 469
18 19 25 43 149 233
145 217 253 382 409 425
80 86 101 136 194 226
125 200 280 369 451 461
54 69 154 277 368 423
115 117 134 230 307 324
171 254 261 282 375 381
2 111 173 227 410 480
11 91 110 179 205 330
17 62 99 199 357 416
158 236 384 386 424 485
32 74 145 399 402 505
122 169 301 303 344 372
54 67 111 267 330 419
4 142 338 455 470 489
27 39 161 252 266 475
102 107 254 347 364 441
118 129 245 247 439 512
69 178 196 201 233 398
117 147 223 433 466 479
60 160 170 383 459 460
98 174 230 272 349 458
7 100 234 274 298 322
72 246 326 333 415 444
24 188 203 432 446 481
220 395 438 452 471 493
176 224 244 293 377 495
172 231 243 299 428 487
78 214 340 375 381 417
319 325 337 360 382 511
47 90 154 241 265 484
106 173 435 477 480 507
43 71 208 418 421 453
151 250 327 368 413 496
77 82 108 115 227 290
89 228 318 366 387 440
64 87 93 128 314 510
36 168 200 216 371 410
146 162 264 310 448 488
19 61 175 204 289 311
35 166 346 436 456 504
42 116 259 268 345 457
1 101 130 141 373 464
86 262 352 376 389 467
17 30 206 308 392 449
23 114 149 307 378 508
25 31 88 126 207 342
20 33 181 287 408 476
110 152 163 202 240 253
5 44 219 285 320 359
53 91 95 406 407 409
132 179 209 225 469 491
148 180 205 354 393 447
34 75 277 405 494 509
10 37 96 185 335 451
29 135 139 282 306 336
9 28 315 374 473 502
14 45 212 450 463 478
12 84 124 284 334 465
58 119 291 321 351 414
113 123 365 404 492 497
3 80 85 313 501 503
48 237 255 279 343 411
38 183 191 332 356 363
15 184 199 215 258 486
177 186 242 261 273 288
165 189 190 232 348 506
49 140 156 192 286 437
70 81 385 431 434 472
51 109 134 249 323 462
57 97 104 238 271 280
50 105 159 235 296 490
221 251 353 369 379 500
8 103 131 144 426 445
18 217 276 329 355 367
55 79 193 222 341 388
26 150 164 211 394 468
92 136 281 292 390 499
11 65 210 213 391 412
6 133 137 305 316 430
68 83 112 226 482 498
63 73 182 294 304 331
187 269 283 362 400 429
13 218 297 324 361 454
16 125 197 328 358 483
40 56 300 422 423 427
171 198 239 401 403 425
41 52 121 155 167 195
59 62 278 302 420 442
143 256 270 295 380 443
22 94 309 312 317 474
2 76 153 229 263 357
46 66 120 260 350 396
21 127 138 248 370 461
157 194 257 275 339 397
