51 122 291 320 338 450
44 139 283 303 314 431
3 128 219 247 332 445
32 43 87 146 178 462
69 136 147 177 263 287
14 61 121 383 402 489
13 67 73 227 328 509
64 169 285 406 410 423
76 202 295 419 505 511
230 241 293 306 389 461
54 55 88 140 201 281
214 237 259 318 325 451
49 89 134 143 313 333
93 382 459 468 473 476
37 103 151 231 273 464
85 180 195 312 316 336
15 29 102 209 275 299
50 155 386 400 412 510
39 40 59 261 394 414
42 149 274 290 362 424
179 223 387 429 467 491
70 175 372 413 426 507
46 56 126 203 218 381
24 48 132 176 404 446
62 65 117 292 347 376
104 222 262 351 357 492
35 173 355 396 421 501
162 182 224 254 260 436
66 130 159 226 309 439
20 211 232 296 315 433
1 200 208 234 294 300
7 109 157 442 499 506
131 193 307 339 360 408
106 116 213 330 454 475
6 91 378 422 449 457
33 78 112 258 361 371
63 98 115 168 238 409
16 166 225 253 276 380
28 114 153 172 215 504
152 282 302 405 428 452
141 204 233 236 268 403
156 189 289 363 366 447
129 154 228 301 494 498
4 186 207 277 304 368
58 181 246 335 367 441
68 188 418 425 448 500
36 45 92 185 393 430
60 138 288 437 477 508
142 272 356 440 469 479
94 187 251 280 349 375
170 319 341 399 432 460
123 217 340 364 365 497
31 137 206 265 407 488
163 373 398 427 463 480
47 184 257 374 466 493
77 191 311 401 472 481
284 286 352 411 417 486
79 101 192 305 331 490
19 97 167 248 329 384
118 119 297 327 353 485
22 144 385 395 397 496
5 26 74 107 243 487
52 113 324 337 377 388
41 99 164 212 465 512
23 34 133 165 198 379
38 82 190 244 321 455
71 95 120 266 267 345
81 105 108 161 326 434
11 84 220 278 342 482
57 127 229 369 470 503
27 72 235 269 416 483
10 196 252 358 444 474
21 100 111 145 323 343
12 210 245 308 334 484
75 271 279 322 420 471
53 83 125 171 250 443
86 96 270 310 346 415
2 90 124 199 354 495
30 183 221 264 298 359
9 197 239 249 256 502
8 216 242 348 392 456
110 135 160 240 344 390
25 158 194 317 438 453
148 150 174 205 350 458
17 18 80 255 391 435
42 46 335 370 470 478
162 257 330 345 371 481
63 134 189 221 323 413
67 186 233 313 369 499
10 85 87 136 307 384
138 142 223 263 272 435
256 406 444 462 500 502
19 110 129 412 483 486
91 274 286 377 489 496
20 195 238 268 325 350
21 203 214 216 278 372
89 170 280 331 457 472
30 75 127 135 416 417
78 197 254 306 361 363
12 25 180 181 211 421
53 165 230 334 358 484
38 294 393 433 464 475
124 159 300 357 388 506
96 114 219 373 423 478
126 168 235 243 466 498
34 188 212 402 446 495
229 262 296 471 494 497
112 383 399 450 467 509
72 187 225 343 356 507
33 273 293 328 376 387
27 74 213 309 394 431
14 76 105 193 380 448
152 158 400 411 426 445
161 246 255 347 364 414
71 113 155 176 226 456
84 90 264 270 370 407
68 82 151 244 282 339
4 16 69 128 169 344
81 100 143 150 261 449
153 191 340 385 389 430
31 54 182 281 353 419
121 148 299 326 427 432
177 241 305 392 415 454
194 310 333 338 408 463
60 115 217 311 368 442
125 147 174 205 374 441
24 36 70 171 279 332
120 163 379 390 410 437
43 77 80 86 295 391
2 232 251 362 375 491
289 292 319 354 468 479
8 15 49 92 258 318
267 284 308 404 425 508
28 48 79 252 265 396
6 61 139 204 482 492
13 37 73 95 352 510
39 208 249 337 395 504
18 102 290 336 365 493
32 101 277 346 355 418
65 137 222 253 312 434
3 269 276 301 327 401
56 231 366 381 405 487
11 93 144 200 250 275
109 118 227 266 320 321
51 123 183 228 248 271
103 172 198 303 316 477
247 304 378 428 485 488
117 140 239 302 398 422
196 260 287 439 451 458
111 154 184 288 297 298
59 132 166 240 283 465
23 185 192 215 237 461
141 285 291 315 341 455
50 55 119 190 234 512
66 97 122 322 324 505
22 108 130 199 210 469
17 145 209 259 424 429
1 41 146 149 420 476
35 44 58 116 438 452
52 64 99 167 349 359
47 94 98 440 453 480
9 40 104 220 436 447
156 164 178 207 329 360
175 179 224 397 443 503
106 107 201 202 409 501
26 83 131 160 236 348
7 218 314 351 382 459
29 45 317 460 473 474
5 88 133 206 245 403
57 157 242 367 386 490
62 93 173 284 342 511
137 162 171 208 285 331
214 224 272 314 346 350
198 349 413 416 449 486
20 26 40 183 189 499
27 30 99 231 249 393
78 164 287 406 461 505
10 53 273 299 417 511
97 205 229 274 391 471
318 337 378 381 418 442
19 119 176 271 293 328
37 84 290 304 341 441
73 112 212 294 369 457
44 126 206 307 426 427
8 24 135 322 330 487
47 55 118 210 329 359
13 102 103 219 283 474
61 104 182 195 388 510
170 216 218 268 269 301
11 59 161 403 431 507
54 82 111 129 423 497
261 270 347 357 440 477
15 29 69 143 262 478
136 163 233 253 292 352
160 201 245 278 343 504
83 127 315 390 481 485
150 230 246 320 394 397
43 68 260 326 355 383
123 133 138 142 234 256
52 79 297 310 392 482
3 6 100 107 319 419
7 33 105 115 194 368
203 282 289 295 372 462
36 42 108 184 405 493
32 51 141 202 325 332
2 86 92 110 114 447
71 90 193 241 460 484
5 125 139 190 192 415
120 197 199 227 265 407
72 169 288 374 384 475
154 167 236 291 448 456
45 140 232 298 362 386
66 157 267 339 435 450
181 222 324 363 480 495
1 34 134 239 351 496
179 187 313 316 379 389
91 101 200 396 412 490
175 225 308 348 370 385
132 266 280 334 375 488
172 196 335 382 491 502
14 65 85 130 147 344
106 258 358 401 467 468
113 165 276 365 463 503
121 151 155 168 173 356
77 211 254 296 395 479
109 215 237 300 345 436
16 89 264 376 398 466
12 41 317 373 443 472
57 58 131 159 327 420
87 166 207 209 371 399
21 31 48 306 338 367
60 156 251 361 380 402
257 286 303 333 414 501
4 56 221 279 410 512
117 158 342 446 453 498
95 96 366 428 433 469
144 152 174 238 259 509
39 177 186 188 240 465
149 302 323 340 377 430
67 311 364 424 444 459
122 220 404 432 445 489
98 116 223 360 483 506
35 64 353 422 470 500
17 28 146 421 437 454
49 213 235 305 309 464
18 94 148 438 473 492
25 46 80 217 336 434
22 23 38 408 439 508
9 81 226 263 275 429
63 70 76 128 255 455
62 88 178 250 425 452
75 204 228 387 458 476
185 191 242 277 321 411
50 74 180 248 400 494
145 153 243 281 312 409
124 244 247 252 354 451
