28 130 209 239 337 359
88 124 127 316 389 442
134 245 406 422 448 464
23 114 161 172 358 459
74 128 277 356 397 424
116 120 270 317 334 384
79 101 210 211 249 351
16 133 205 247 340 441
220 253 307 315 338 383
87 125 207 291 324 393
31 183 201 216 293 392
118 160 188 345 369 469
35 140 297 344 404 479
10 65 206 327 410 472
175 300 306 321 349 493
146 223 269 347 470 492
4 159 189 225 308 443
27 58 184 187 214 372
69 165 200 229 272 302
135 217 250 278 385 413
25 50 104 232 285 355
145 215 242 365 416 476
51 123 318 352 378 402
53 61 243 333 455 457
36 126 368 420 447 491
1 7 63 377 437 477
77 154 313 342 348 444
54 59 192 283 395 453
47 66 103 309 320 439
19 41 107 204 418 510
68 236 258 286 487 495
144 164 275 289 427 496
52 246 266 301 353 498
150 252 279 426 506 508
122 162 376 436 485 489
14 21 166 231 299 433
98 156 197 319 339 419
29 55 83 219 350 362
24 129 148 237 462 509
222 241 423 461 465 497
39 46 112 238 273 357
12 328 332 363 408 483
5 255 276 325 494 504
11 119 181 226 260 475
18 186 284 374 387 415
32 115 117 254 262 382
113 263 326 373 484 501
102 152 287 288 380 458
60 155 240 341 400 468
96 141 185 407 463 466
22 72 75 169 296 330
34 106 167 182 251 379
2 8 62 85 91 490
17 163 391 412 414 502
6 84 131 174 403 474
42 99 149 196 322 499
176 180 193 244 331 370
40 151 170 234 445 482
95 213 259 298 367 446
13 198 228 230 454 486
44 49 70 354 438 511
158 312 335 336 375 409
89 261 281 310 366 431
82 109 202 248 421 503
81 97 233 282 290 394
33 108 221 295 329 505
76 94 157 305 396 507
3 20 86 90 361 473
64 142 280 323 451 488
147 173 218 294 311 512
71 92 105 168 268 292
132 153 224 399 405 500
30 37 43 56 303 425
15 93 314 371 411 449
143 195 199 346 390 401
139 194 364 388 450 452
9 57 256 267 343 430
137 264 274 467 471 481
121 178 191 428 429 456
73 78 265 398 417 440
110 203 304 381 434 460
67 100 177 179 212 432
80 190 208 235 271 480
45 136 171 227 360 386
26 38 48 138 257 478
111 217 244 332 346 435
43 54 188 283 312 436
61 90 220 267 410 489
29 247 380 453 477 510
40 107 117 273 285 495
9 14 57 262 423 461
119 177 208 338 422 444
1 28 318 320 418 421
64 160 164 343 419 446
78 110 114 144 340 399
76 187 202 275 372 460
17 82 116 280 391 472
16 24 131 342 464 485
58 165 205 278 288 327
12 99 102 111 325 457
42 133 235 412 449 492
87 189 277 350 394 473
13 80 100 172 272 348
69 145 173 259 289 475
223 319 347 360 467 478
34 209 222 254 276 445
125 249 253 292 315 370
33 84 200 264 497 508
93 186 245 299 322 490
39 162 178 227 310 468
5 109 213 256 395 447
31 52 97 153 185 402
6 101 351 382 411 435
10 113 215 240 274 323
155 161 176 307 398 406
19 246 306 381 387 442
174 201 216 284 336 426
68 124 265 352 383 417
41 91 135 142 181 440
83 96 126 154 204 212
56 120 121 224 371 376
18 38 85 230 333 484
106 137 182 210 328 330
70 159 214 369 429 502
118 149 225 294 400 441
32 134 229 237 359 455
49 141 232 316 386 454
77 86 148 180 206 261
53 127 138 393 462 474
65 152 305 341 388 431
8 11 123 238 390 432
20 30 255 279 296 458
4 22 147 354 456 466
2 167 324 355 405 438
62 171 219 314 384 507
15 139 434 450 488 503
25 221 239 345 373 512
23 226 326 353 425 476
59 71 297 309 357 413
36 50 169 257 269 290
7 128 286 409 463 498
170 271 287 329 365 377
88 132 303 368 374 437
248 258 311 334 491 500
72 73 89 367 408 415
35 51 242 362 396 397
251 266 268 349 433 501
143 166 195 236 300 480
26 156 344 363 364 486
75 194 207 304 379 451
103 146 198 228 231 448
3 163 193 196 313 403
47 66 112 115 150 375
243 335 337 404 424 499
46 129 469 479 487 494
191 282 339 356 361 504
122 218 291 321 358 443
45 104 233 366 427 439
140 175 389 407 452 482
37 81 295 420 430 493
67 92 98 158 252 496
151 281 416 465 470 483
27 55 60 184 301 401
108 136 211 459 471 505
44 95 199 241 392 414
21 79 168 192 308 511
48 94 105 190 234 385
63 179 250 260 378 506
130 183 263 317 481 509
197 203 293 298 302 331
74 157 270 339 377 428
13 75 163 193 204 355
98 147 282 320 330 409
20 178 186 272 360 435
50 52 68 205 252 428
146 148 179 314 399 482
49 92 304 335 370 371
31 79 94 297 336 465
102 122 133 310 329 481
128 156 206 324 405 490
82 180 214 284 475 491
40 81 106 155 207 499
28 215 251 331 460 497
161 246 250 362 462 507
7 23 67 402 414 488
174 277 280 298 496 510
25 30 281 306 332 394
131 217 236 359 386 459
110 119 212 220 348 464
8 11 29 189 269 396
48 127 136 183 200 473
62 74 109 230 404 457
88 216 237 305 333 506
1 187 208 256 389 446
57 58 241 323 342 352
46 301 346 349 443 477
76 132 172 291 327 354
66 72 159 231 369 433
192 196 344 378 424 445
38 70 154 167 169 210
60 199 233 308 434 474
43 232 264 290 357 422
107 113 162 283 287 289
19 105 108 273 285 500
15 42 61 157 225 418
2 95 101 279 300 472
33 80 177 312 337 363
22 152 244 315 347 439
59 224 326 358 470 494
64 118 129 158 274 288
16 65 168 248 384 387
36 121 138 176 213 381
71 211 260 420 437 463
99 117 294 353 373 401
150 191 229 238 350 448
124 222 243 278 480 486
93 130 182 257 468 503
90 227 240 316 406 450
34 85 271 419 456 493
245 295 345 383 484 485
17 87 135 143 171 313
104 153 228 247 372 379
78 258 292 309 426 511
39 173 254 266 328 366
10 181 296 302 356 467
41 84 123 151 239 408
100 267 286 427 461 476
4 188 415 416 438 508
12 111 361 364 423 453
170 175 242 343 410 411
203 403 436 469 479 501
126 145 202 397 440 509
116 226 276 334 393 483
24 103 115 144 165 270
234 275 380 385 449 504
3 63 83 325 492 502
134 268 374 452 498 512
37 185 261 340 341 431
73 77 137 142 317 368
18 53 89 139 413 489
56 97 141 166 194 198
32 255 303 441 458 471
45 114 164 201 407 421
9 26 54 197 367 375
14 140 160 249 454 466
47 86 307 319 338 412
6 44 51 69 221 442
35 55 223 321 382 447
96 218 259 365 398 505
195 263 293 322 395 455
125 209 392 425 432 444
112 120 190 253 262 265
27 318 451 478 487 495
5 149 219 299 390 391
184 235 311 376 417 430
21 91 351 388 400 429
