113 199 532 586 669 937
100 120 500 606 617 1101
321 725 750 846 986 1096
221 330 625 707 813 1195
272 711 735 1020 1059 1068
227 283 653 995 1045 1138
380 712 900 972 1162 1199
64 90 213 360 385 521
87 97 374 423 608 620
214 280 775 806 856 1184
142 258 279 703 850 931
88 159 212 662 1142 1188
15 468 686 756 1119 1120
84 222 403 596 812 1107
3 176 320 727 773 1124
525 565 730 760 808 1183
94 181 517 839 1072 1171
78 392 709 710 1023 1066
469 513 696 835 974 978
7 69 449 477 619 1106
71 186 294 690 698 884
462 679 804 815 1182 1190
235 263 528 664 718 853
440 576 675 723 1133 1155
99 138 309 337 983 1073
72 230 417 598 799 887
188 329 368 647 827 864
539 584 701 715 851 913
201 217 810 943 981 1187
115 185 223 467 522 564
369 445 519 559 934 1024
111 388 432 749 874 886
39 49 262 644 858 1000
659 781 920 1056 1136 1181
23 538 968 1007 1048 1174
73 110 267 435 545 591
234 502 578 621 942 1019
207 604 631 674 825 1099
165 232 310 497 898 1095
211 317 601 671 788 946
63 291 503 819 928 1116
33 178 744 826 906 1122
82 144 393 599 738 1087
19 76 184 244 632 1063
383 438 611 794 1009 1180
22 105 626 820 829 1105
169 252 346 567 572 992
131 220 299 416 842 872
27 206 492 569 816 1077
30 61 315 531 765 877
58 219 325 505 1018 1040
245 463 798 948 1104 1191
300 398 426 742 1085 1131
68 128 270 319 915 1011
326 336 352 482 694 1039
436 543 714 866 970 979
254 256 347 424 496 681
146 158 192 210 333 976
24 189 1034 1121 1129 1163
485 523 577 663 818 1055
276 705 832 836 923 962
400 431 670 793 875 936
86 504 847 1033 1071 1175
37 46 124 228 255 459
129 364 753 917 1005 1185
182 278 558 581 656 751
40 108 216 389 592 823
93 180 191 286 1111 1125
20 62 122 130 883 953
1 35 233 612 638 996
277 418 550 991 1169 1186
85 156 200 323 849 969
60 382 386 645 797 1100
143 150 512 614 1151 1176
5 351 425 782 894 1123
107 420 537 583 704 1109
137 209 243 341 892 1150
208 530 641 1058 1093 1140
205 429 729 1030 1098 1139
240 288 693 840 950 993
18 70 373 516 526 588
126 160 203 394 783 901
422 456 481 575 590 841
238 410 676 769 977 1160
421 602 771 908 1052 1078
89 296 627 688 713 998
28 489 852 918 1001 1015
154 439 766 973 1010 1189
25 57 257 290 752 1156
103 112 384 562 740 1112
198 204 371 791 907 1197
133 229 282 430 778 833
196 404 434 745 895 1021
127 170 342 741 1028 1070
348 406 498 510 613 1086
12 134 168 399 935 1161
190 202 441 661 721 743
17 264 465 580 618 1135
121 250 316 355 1143 1198
13 34 273 322 454 733
226 377 419 700 824 990
65 253 275 499 529 635
540 574 642 985 1051 1061
95 754 800 914 927 949
135 860 873 1027 1036 1043
74 119 311 452 695 1089
81 152 249 285 460 609
52 91 218 699 912 1092
292 305 444 589 1050 1144
535 546 724 776 838 980
67 117 350 409 479 870
349 515 651 955 1149 1154
155 488 855 1074 1153 1172
104 177 365 542 557 1026
367 375 553 1069 1179 1196
284 491 648 728 929 1114
318 487 566 610 706 746
340 408 490 878 897 1031
125 643 684 802 975 1079
271 395 668 821 911 1003
306 387 672 736 951 1008
246 359 822 1053 1054 1057
96 716 767 770 784 863
43 141 293 520 768 904
11 26 476 593 665 910
56 92 224 717 919 926
372 474 640 1049 1117 1173
132 157 607 805 854 1084
167 269 381 473 633 891
376 433 457 660 722 945
747 792 837 879 994 1146
236 615 869 1029 1047 1145
303 353 411 587 636 1038
650 666 673 803 1067 1168
358 556 689 843 1080 1167
685 697 786 1025 1091 1128
281 451 480 692 893 1022
47 98 265 414 579 956
102 466 680 761 859 960
83 295 446 796 890 1041
9 183 225 391 789 1014
21 48 164 652 739 997
114 148 301 390 868 932
77 171 397 484 554 678
6 51 161 308 534 573
172 549 888 952 1044 1115
163 187 251 475 1166 1200
8 314 413 582 876 1032
66 145 179 313 331 334
194 597 657 726 1127 1194
197 289 307 370 667 1064
54 560 759 787 848 966
53 101 175 298 478 737
31 344 378 594 777 1170
59 448 508 570 646 939
75 241 518 748 817 1081
287 338 682 830 889 1110
248 427 506 834 871 1088
247 327 483 1004 1060 1177
195 215 324 630 924 1148
153 239 959 967 982 1097
109 260 628 1002 1037 1103
405 472 494 861 1042 1137
547 624 779 947 1094 1158
4 623 658 862 954 957
140 266 354 1065 1159 1164
118 237 304 335 511 780
297 495 541 785 987 1113
38 259 428 527 857 1035
42 268 345 361 568 916
173 507 865 909 999 1062
147 332 357 447 732 925
16 80 880 896 961 1102
174 261 415 677 882 922
36 396 622 649 885 1083
231 514 757 844 930 963
29 629 755 1012 1126 1141
55 402 471 831 965 1192
407 764 807 958 1013 1130
149 442 455 555 691 1165
362 453 600 774 988 1082
116 366 443 720 1016 1046
10 123 343 639 790 811
50 193 719 933 940 984
356 379 412 634 867 1017
2 328 458 595 758 1108
166 486 702 902 964 1193
79 571 605 708 795 1147
32 151 501 616 971 1134
401 464 544 772 845 1152
274 533 536 801 814 941
312 470 552 763 903 905
363 637 809 921 989 1157
45 106 136 548 655 1132
302 493 563 762 899 1118
139 162 561 603 687 938
14 41 450 683 734 944
242 339 585 654 828 1178
44 509 551 881 1006 1076
437 461 524 731 1075 1090
386 774 835 934 965 1126
482 611 755 798 957 1138
204 205 531 791 944 1189
14 115 208 400 484 994
27 122 315 365 711 786
84 248 379 393 402 691
237 539 880 961 1055 1146
95 333 362 705 1018 1182
177 213 912 1015 1023 1168
273 584 673 856 873 892
139 159 170 650 655 930
280 314 456 504 762 1150
110 271 492 653 709 1032
176 355 554 931 973 1115
15 72 265 827 1058 1148
215 346 443 535 672 690
164 192 377 624 970 1143
88 364 444 573 896 1183
60 66 483 656 708 1088
35 383 566 729 1105 1156
151 168 685 928 940 1087
433 669 683 866 948 1160
507 588 665 870 951 1174
17 240 254 689 858 1109
23 244 332 512 879 935
21 166 199 505 990 1163
41 117 145 399 975 1005
471 780 834 911 942 968
172 182 401 746 1104 1134
299 449 615 846 1116 1125
39 429 666 779 1038 1059
106 322 385 901 916 991
404 548 636 710 734 781
93 232 494 572 630 1079
9 44 150 179 231 660
82 267 391 527 621 772
6 868 884 903 1025 1096
137 202 495 595 718 897
121 290 517 600 773 847
160 209 289 594 724 907
51 247 381 446 472 530
283 318 701 979 1053 1171
42 62 98 311 357 508
90 180 310 426 592 706
128 261 533 571 756 1098
514 684 728 936 1024 1052
518 733 776 792 829 1028
70 127 262 440 497 1147
130 218 489 720 842 1095
398 528 1019 1037 1046 1186
125 620 992 1030 1069 1175
46 149 250 324 932 1188
467 498 501 648 723 778
376 413 485 757 782 1003
32 64 239 319 387 597
101 185 313 320 686 1114
335 470 721 937 977 1085
109 738 1153 1169 1170 1185
424 478 522 538 849 1179
201 406 645 664 1068 1075
24 395 618 649 675 1110
174 342 461 475 635 926
304 490 639 831 1002 1136
235 325 695 719 1043 1060
114 562 619 1078 1180 1199
10 79 162 187 459 725
219 445 463 693 904 1121
73 81 303 473 511 582
305 500 900 1016 1141 1173
65 654 886 978 1004 1083
133 269 640 839 1144 1167
76 195 410 631 804 1187
190 448 493 769 801 1089
425 682 788 793 1049 1076
257 419 447 694 860 1151
7 87 382 416 558 1074
18 154 279 790 1009 1131
513 680 832 1044 1047 1162
47 258 646 766 989 1067
92 142 394 661 853 1092
108 295 341 568 1073 1094
224 245 412 422 927 969
78 606 623 722 1101 1159
216 585 608 642 677 1011
104 225 370 476 479 700
255 275 298 578 667 1091
613 658 730 808 850 1064
58 268 316 390 822 885
25 414 525 696 760 1120
40 350 488 785 1050 1198
68 141 306 464 841 924
36 221 358 520 811 1177
3 353 487 491 536 852
161 411 542 563 819 964
135 477 537 1071 1132 1184
45 152 540 753 908 1099
77 184 789 815 996 1042
97 203 226 564 743 1057
165 607 674 768 998 1036
12 337 534 814 877 889
175 434 436 638 943 1048
210 291 503 657 820 1031
96 263 626 881 1051 1097
191 243 259 681 699 972
11 837 859 981 1061 1161
233 294 575 589 632 878
469 556 591 714 922 995
33 113 529 643 883 993
465 496 670 744 894 1040
55 140 264 367 547 800
438 552 716 945 1117 1119
486 510 576 875 1135 1197
123 327 502 506 603 1191
37 288 481 541 861 1155
143 183 569 662 1062 1139
86 178 292 452 833 915
227 431 810 872 941 1054
230 715 816 845 882 938
94 206 328 361 1026 1072
29 285 297 374 599 974
13 284 326 888 1021 1066
74 293 783 1133 1152 1154
99 551 605 651 954 959
85 356 633 864 899 946
186 550 687 741 869 1041
330 397 428 601 736 902
2 48 146 460 999 1020
136 196 302 375 523 1158
116 418 602 830 920 1086
223 309 676 876 976 1029
22 405 549 867 1123 1193
131 345 454 590 863 967
34 63 641 805 1106 1145
112 317 543 580 982 1195
107 147 545 559 817 862
1 228 238 347 917 1129
43 351 421 748 857 1093
138 570 668 717 1017 1102
67 198 234 272 1008 1090
118 407 555 855 913 1084
61 587 610 836 950 1082
19 260 480 617 763 813
31 71 144 249 301 363
26 124 282 329 726 1112
251 372 659 898 952 1166
307 409 516 697 844 987
194 274 300 777 806 921
28 277 349 457 752 803
373 532 775 923 997 1178
712 797 953 1000 1103 1108
173 214 217 455 812 1070
197 270 524 893 958 971
103 417 567 742 851 1056
53 278 565 622 713 895
59 380 574 698 887 1035
246 408 468 577 707 1124
338 339 423 509 749 963
193 220 740 905 1013 1107
111 553 644 818 838 1006
134 148 732 1111 1190 1200
69 544 647 692 761 985
80 441 526 909 919 1140
354 378 579 604 906 947
171 296 593 1128 1165 1172
38 167 181 389 519 628
5 52 392 586 1033 1137
427 802 828 848 871 986
56 153 156 236 437 609
89 119 336 750 966 1181
100 102 499 515 679 1157
54 521 637 765 1010 1014
211 266 352 794 1065 1100
359 388 462 671 914 925
334 403 702 939 956 1081
169 200 241 891 1001 1034
430 432 625 759 771 796
20 120 281 348 731 1007
420 466 739 770 960 1142
4 253 450 458 735 988
126 369 384 799 823 962
105 207 435 561 627 980
155 321 598 616 727 955
343 396 596 678 754 784
75 767 795 840 949 1192
50 132 242 854 984 1122
368 453 745 807 910 1012
129 163 229 344 474 560
308 323 557 688 824 1127
157 256 312 933 1149 1176
91 188 287 360 843 865
371 439 583 826 983 1130
331 614 821 825 1045 1077
49 612 703 929 1022 1080
276 451 581 758 1027 1113
442 546 704 751 1039 1194
158 663 874 918 1063 1118
16 189 286 366 415 787
83 222 252 629 737 764
30 57 634 747 1164 1196
8 212 340 652 809 890
3 296 447 566 938 1138
12 115 152 567 796 975
191 534 576 842 999 1105
17 368 474 523 912 1110
6 517 614 674 859 1046
82 255 257 575 898 1069
74 170 645 986 1076 1142
276 473 642 745 770 906
73 196 450 731 840 1196
325 516 613 728 729 1004
218 253 387 565 815 1166
10 234 263 420 594 1180
63 133 174 630 863 933
379 621 632 713 834 1181
4 277 294 413 964 1013
112 188 260 500 701 1146
278 493 512 601 923 970
99 110 197 737 929 1175
244 385 463 734 775 1128
71 140 246 682 690 1084
180 384 697 785 814 925
211 238 752 833 892 1098
248 320 415 453 489 504
302 510 1056 1058 1090 1183
84 258 536 707 709 885
54 382 451 723 725 812
228 545 618 628 686 695
85 549 651 799 856 1135
101 103 423 525 1031 1122
62 311 657 865 948 1123
145 243 265 600 797 830
185 823 982 1102 1153 1161
460 612 753 881 1141 1173
448 831 934 943 1030 1144
93 148 268 373 641 989
16 32 369 400 547 1050
132 241 405 802 931 1191
286 392 759 864 1042 1194
111 335 521 667 825 926
94 163 200 644 844 907
141 350 429 441 593 880
181 224 583 782 889 1093
114 648 771 803 857 974
356 685 689 804 927 1082
67 135 259 303 779 896
319 543 554 694 922 1143
205 221 323 764 1026 1115
38 585 588 873 1003 1190
68 128 301 822 962 1193
113 147 344 506 1087 1118
611 698 875 973 1021 1037
544 546 756 952 1092 1151
372 574 751 826 1079 1112
220 1134 1170 1176 1178 1187
186 195 274 684 884 921
124 254 535 719 776 792
87 216 649 760 1080 1127
270 358 480 721 905 967
623 691 798 819 985 1126
27 256 312 381 878 1160
40 457 530 750 911 1113
401 408 712 839 869 1174
126 313 742 774 808 983
13 603 605 817 891 939
61 121 175 264 330 449
477 552 591 1078 1100 1158
19 409 558 584 811 836
445 861 890 959 1045 1165
100 134 747 886 1162 1197
486 763 956 1147 1156 1171
70 266 496 862 942 1133
212 272 469 582 806 916
78 337 352 787 944 1053
34 204 367 619 693 1164
436 562 888 965 1095 1109
193 362 765 919 1047 1070
858 860 879 996 1040 1114
328 370 377 653 932 951
28 333 417 433 435 1103
273 639 687 699 781 784
171 267 515 672 736 739
199 310 360 569 586 1119
15 88 508 777 1077 1129
143 334 414 913 971 1168
314 482 526 828 1033 1035
102 275 293 715 978 1155
1 164 292 887 950 1049
136 190 295 380 659 1083
458 478 490 548 650 1027
284 289 308 332 487 854
131 210 461 778 949 1012
240 434 654 791 868 972
98 149 271 410 431 845
157 217 542 551 655 877
364 518 609 635 716 872
76 150 1034 1148 1159 1185
214 351 658 976 1022 1060
104 232 425 440 800 1157
8 31 53 189 353 992
282 395 587 788 876 1125
155 299 426 533 991 1054
250 393 498 761 772 1017
252 438 497 647 995 998
305 399 485 910 954 1009
202 607 608 743 821 827
81 675 786 805 824 1189
83 484 553 636 706 807
51 222 666 930 961 1029
72 428 455 467 681 1136
454 560 670 755 979 1062
297 359 442 520 522 638
146 227 354 361 665 1094
20 119 324 326 559 625
21 494 740 757 993 1139
79 206 290 321 524 746
386 532 726 853 1081 1152
236 616 646 883 1121 1186
203 419 513 924 941 1120
57 407 475 571 783 958
39 317 652 1038 1057 1130
91 92 617 705 855 1072
118 245 446 766 955 1117
225 349 416 602 741 1007
52 306 540 692 717 850
14 176 230 633 640 843
58 182 315 981 1177 1195
43 213 422 852 988 994
25 95 122 139 758 1169
109 341 456 773 984 1167
201 208 251 514 732 1059
37 80 125 503 700 1085
48 283 470 671 727 1015
42 279 465 696 874 1061
11 35 550 622 957 1073
495 579 669 920 1025 1154
123 161 339 936 953 1036
23 30 156 233 598 871
343 444 564 660 1000 1055
229 492 537 555 901 1199
5 307 466 599 893 1018
237 316 832 960 1065 1091
9 97 285 680 829 870
24 165 390 679 749 1002
60 378 491 809 818 1179
169 209 322 664 851 1184
177 242 261 462 676 1024
64 142 464 767 846 1010
49 55 105 528 661 793
86 281 329 363 794 1041
291 572 643 730 735 790
33 129 610 838 1063 1192
41 342 604 708 946 1048
120 488 507 1066 1086 1149
47 130 678 780 801 1111
106 556 620 754 894 990
65 269 287 432 439 1140
59 848 904 915 947 1200
2 476 505 656 662 673
18 144 411 452 795 1064
77 280 357 459 573 663
304 539 724 813 841 1099
231 371 590 769 810 1071
96 178 375 720 762 847
184 192 331 391 710 1001
90 288 336 581 718 895
69 215 347 383 570 969
151 162 355 427 468 997
50 479 577 711 768 1131
173 345 412 1104 1163 1188
29 527 580 714 744 1124
7 22 634 945 1096 1145
158 529 589 592 928 1088
26 501 703 909 980 1005
66 107 172 541 935 1132
159 397 499 704 849 1074
168 247 502 538 568 1019
46 327 430 443 1101 1108
207 366 402 702 977 1116
223 595 733 837 987 1011
239 340 376 966 1028 1032
398 722 738 820 1075 1150
154 179 298 318 346 1014
262 557 914 1020 1067 1107
36 117 394 637 866 1089
137 374 403 626 963 1016
160 483 519 816 908 937
418 421 597 918 940 1097
56 338 404 406 629 882
116 424 900 1051 1052 1137
183 624 668 683 1068 1106
167 198 300 309 396 1023
194 249 903 917 1043 1182
89 138 511 561 897 1039
388 606 677 867 902 1172
481 615 631 789 1006 1008
44 127 153 187 472 563
45 75 219 531 627 748
166 226 348 509 578 1198
108 235 437 596 835 968
365 389 471 688 899 1044
