348 545 1018 1120 1177 1196
399 702 744 1101 1103 1105
124 372 924 954 1135 1168
158 439 460 819 902 1117
537 539 824 1026 1107 1126
55 582 998 1114 1123 1127
186 277 322 807 1103 1140
65 249 835 1074 1163 1174
228 315 661 806 1068 1104
1 62 294 667 871 1124
130 224 282 988 1067 1177
301 574 935 1017 1063 1152
317 363 668 1058 1114 1162
589 744 758 1005 1066 1156
98 823 889 1049 1088 1151
633 673 743 991 1065 1069
709 796 1032 1057 1079 1128
74 614 917 1015 1067 1114
30 64 500 582 864 1161
668 1020 1046 1121 1170 1188
210 257 1090 1149 1166 1186
330 552 573 798 831 1009
48 122 171 531 744 962
647 955 1047 1125 1153 1163
326 544 924 944 1062 1140
140 343 438 564 815 933
99 390 581 625 988 1115
123 203 362 794 896 1170
288 671 775 837 988 1025
171 679 1047 1068 1107 1153
193 572 1090 1175
221 538 741 941 1096 1182
300 312 392 935 939 1122
210 311 321 440 504 1162
737 1021 1025 1073 1126 1198
155 583 588 676 769 1074
588 742 864 1014 1043 1186
30 538 768 1054 1080 1151
11 394 892 997 1103 1164
234 797 1023 1039 1122 1168
1075 1081 1096 1134 1146 1176
708 949 1151 1152 1194 1199
299 310 683 780 796 985
480 786 792 978 1058 1117
5 740 802 828 887 1139
131 198 921 1095 1137 1173
454 520 658 754 817 1041
134 707 850 853 1179 1196
564 1045 1126 1147 1168 1185
852 927 1084 1125 1160 1184
2 135 846 853 855 919
19 231 445 809 1139 1153
120 133 1048 1053 1073 1158
259 412 661 970 1003 1148
351 491 646 653 994 1095
282 381 453 1015 1050 1097
119 416 433 716 915 1013
203 498 591 619 1081 1183
215 217 332 458 899 1162
558 939 951 986 1059 1078
284 536 638 1053 1071 1141
761 763 889 1021 1037 1159
467 825 873 894 943 1066
105 127 374 810 1110 1181
68 399 764 1001 1136 1179
222 719 947 982 1130 1159
186 908 918 931 1096 1179
54 63 165 382 420 1077
38 651 885 1052 1161 1175
166 221 313 660 819 1100
59 639 674 675 742 894
141 494 1053 1072 1123 1154
604 620 847 1055 1140 1187
419 634 766 980 989 1077
681 741 1045 1088 1092 1149
421 615 724 850 1029 1188
201 238 687 1070 1093 1124
75 470 740 916 1077 1087
155 262 652 801 907 1171
762 866 925 983 1086 1200
666 793 811 882 1157 1166
198 705 733 942 1000 1134
65 172 483 747 884 955
526 672 714 769 1130 1191
195 593 645 775 877 1135
39 258 275 720 1145 1171
707 820 908 1047 1153 1166
464 711 792 793 830 1114
34 347 466 470 1050 1184
950 990 1065 1142 1153 1163
252 857 1076 1113 1168 1188
603 714 837 1084 1111 1116
74 933 1005 1080 1102 1107
205 776 1073 1105 1122 1136
396 927 932 1006 1119 1165
173 281 504 583 1059 1104
303 318 532 869 999 1036
267 357 867 874 912 969
260 409 778 968 1113 1194
549 981 1075 1095 1185 1192
308 686 708 909 922 1032
45 569 1099 1133 1147 1197
324 760 957 1115 1139 1167
387 571 648 838 1162 1194
237 570 998 1093 1132 1185
921 984 999 1012 1031 1187
37 555 806 890 1115 1160
682 1082 1089 1143 1165 1199
10 268 272 641 755 1033
256 359 426 625 807 1157
712 779 828 1034 1062 1109
77 245 258 503 576 1027
141 659 816 1077 1112 1168
142 253 763 765 953 996
336 688 729 842 1018 1169
787 872 1053 1101 1137 1196
304 455 852 1086 1149 1159
55 273 789 833 1098 1177
350 386 506 628 817 1079
405 843 848 900 969 975
721 741 1046 1048 1154 1188
48 92 348 730 1110 1190
127 240 244 618 776 1153
360 479 640 1116 1148 1160
170 307 325 458 690 860
102 289 594 813 821 1057
370 711 1002 1011 1151 1161
50 146 1040 1091 1119 1192
104 649 799 1042 1073 1121
523 958 1020 1038 1103 1184
469 729 1016 1024 1169 1189
88 104 288 511 1102 1147
84 644 910 1084 1117 1149
255 263 1020 1087 1165 1166
93 601 784 946 1119 1180
600 689 829 1047 1050 1166
192 413 930 1100 1117 1152
337 752 849 1057 1141 1173
22 748 880 1037 1073 1161
87 271 683 686 1120 1167
11 114 239 1043 1047 1065
60 417 418 457 820 1088
225 453 688 901 930 1002
159 189 606 637 746 1049
126 441 700 840 932 943
143 218 317 566 982 1090
21 421 570 805 983 1171
430 466 525 1014 1054 1113
358 449 560 1078 1190 1191
759 762 953 1000 1100 1198
13 41 61 949 1068 1196
58 1028 1039 1094 1109 1200
96 242 338 678 799 1058
47 371 812 1059 1130 1170
46 334 653 800 883 1058
15 230 290 732 1069 1139
204 626 788 814 1050 1125
509 519 801 888 1129 1154
342 355 751 956 997 1174
185 756 825 841 885 1017
607 770 825 1065 1072 1154
123 169 280 1109 1116 1198
596 636 697 1106 1115 1173
363 413 623 1056 1099 1186
130 327 576 880 1002 1142
98 257 595 785 1004 1082
328 652 665 737 951 1098
335 468 843 1089 1177 1180
121 521 534 832 1095 1167
147 261 319 635 1094 1123
230 296 342 491 887 1076
146 302 751 934 1060 1148
268 575 861 1008 1026 1088
337 384 1101 1158 1189 1192
67 89 200 204 984 1177
62 931 973 1017 1164 1181
94 818 903 1072 1091 1190
355 443 592 778 854 1081
270 382 485 869 1060 1197
177 238 972 1094 1166 1197
33 157 266 369 897 977
250 281 473 781 959 1072
106 152 739 845 1071 1082
595 884 1028 1033 1155 1164
207 393 897 1030 1055 1139
330 709 804 1071 1118 1187
395 450 749 800 1143 1194
51 440 603 604 696 943
460 790 819 841 907 1009
57 120 787 1010 1159 1176
212 513 795 980 1022 1198
319 426 498 1085 1165 1196
578 726 770 1035 1073 1155
486 521 728 870 1128 1155
174 334 616 715 717 1042
138 294 666 806 858 1115
15 38 476 730 1029 1115
36 400 472 867 1085 1125
409 909 978 1055 1063 1098
35 329 1037 1098 1112 1197
667 855 904 981 1075 1154
639 721 728 785 873 1175
209 487 643 812 886 937
157 321 530 701 839 1043
180 1066 1086 1138 1151 1156
184 496 804 1133 1140 1175
16 389 738 803 893 1156
665 828 970 1035 1049 1138
110 871 897 951 1072 1188
306 1180 1190 1195
271 352 361 1016 1112 1173
128 462 540 751 771 942
305 315 562 891 1056 1171
657 842 1010 1131 1156 1180
85 164 586 888 940 1093
17 505 1052 1086 1108 1171
455 760 788 977 1016 1084
24 219 568 803 888 1134
32 300 376 749 880 1166
456 1001 1012 1079 1091 1114
14 174 326 738 1060 1162
579 834 978 1099 1118 1195
372 388 551 563 701 1050
350 437 705 875 1121 1161
9 40 960 1020 1120 1162
140 309 885 923 987 1191
267 407 848 872 1169 1191
138 840 1025 1054 1083 1126
59 435 546 718 834 966
246 405 497 745 1052 1071
216 241 289 423 463 1008
774 852 1027 1130 1176 1192
370 816 909 988 1182 1186
269 509 868 900 930 1144
150 229 385 585 629 874
248 427 499 864 1009 1019
41 278 640 658 1057 1158
346 902 1036 1061 1093 1099
109 142 881 1050 1118 1130
70 490 590 655 671 990
232 782 971 1089 1122 1135
371 473 501 1145 1182 1192
541 593 844 926 1163 1191
541 822 1074 1141 1178 1194
858 990 1091 1110 1135 1179
183 320 408 1024 1030 1193
33 862 972 1024 1107 1128
8 199 823 837 1035 1092
209 351 519 1061 1160 1178
29 92 482 1105 1111 1149
218 420 516 597 613 826
229 879 931 1167
601 612 905 925 1046 1180
631 773 895 1024 1105 1147
43 896 981 983 1019 1055
70 836 996 1068 1099 1133
45 128 527 547 923 1127
284 331 594 808 929 995
69 364 865 1066 1112 1182
178 241 412 694 922 1078
90 150 234 871 874 1063
297 494 680 774 1089 1193
42 544 638 651 1096 1146
429 431 678 1013 1063 1118
118 346 529 580 963 1004
20 176 286 422 1050 1104
2 110 125 233 368 657
169 385 810 1040 1093 1164
73 681 725 993 1131 1175
341 650 809 882 955 1156
436 878 980 1006 1033 1062
27 207 379 417 543 715
235 579 893 911 1094 1194
291 373 484 891 938 1138
428 772 803 829 847 1126
153 400 689 1007 1119 1127
247 328 749 913 1130 1178
395 510 617 863 979 1019
101 391 584 796 835 853
446 747 753 985
52 502 1078 1101 1116 1150
606 898 992 1112 1177 1180
179 561 781 969 1031 1130
247 838 981 1061 1157 1179
481 673 1003 1074 1108 1183
782 1051 1090 1102 1157 1195
517 555 557 585 781 1179
496 766 912 920 1067 1170
305 647 856 937 1163 1180
181 718 831 1048 1134 1195
47 215 643 892 979 1076
71 361 590 624 1097 1160
308 477 878 1037 1089 1102
392 713 775 1053 1121 1123
463 517 561 1079 1119 1146
276 362 674 805 1085 1125
79 383 493 636 757 967
237 273 716 736 1014 1084
432 695 891 911 982 1150
259 759 765 1048 1142 1149
32 256 624 759 1131 1167
378 566 572 779 1101 1180
64 91 279 530 767 1094
228 761 795 1070 1172 1184
182 685 952 1126 1161 1175
131 773 1100 1129 1170 1173
602 875 1003 1051 1055 1189
107 327 568 720 772 821
52 244 380 436 865 1192
240 254 797 920 1048 1165
358 404 448 642 648 1095
447 609 761 860 1001 1179
424 515 704 1128 1132 1161
164 167 502 802 1010 1110
180 474 702 779 892 1150
243 562 619 1106 1182 1188
111 598 629 783 889 1049
35 236 877 950 1160 1172
54 147 699 851 895 1136
684 747 867 904 998 1200
547 1012 1069 1105 1128 1187
910 1044 1170 1172
181 190 581 965 975 1164
178 338 514 621 1067 1191
511 518 615 764 958 1035
524 783 861 884 1045 1054
125 457 712 752 768 1133
76 270 845 992 1080 1158
222 444 523 634 1060 1198
296 936 1081 1088 1123 1178
275 345 512 851 899 1023
99 133 750 811 906 1111
78 201 290 916 1070 1096
280 532 896 1102 1141 1142
676 960 1005 1104 1113 1174
26 91 697 737 1129 1187
26 117 573 1060 1139 1176
88 339 870 906 1036 1058
42 208 377 390 958 1159
37 664 739 1051 1100 1138
68 245 415 441 860 1158
107 115 859 1041 1067 1117
194 301 386 1143 1155 1183
137 419 531 605 750 1056
187 656 944 1058 1158 1163
144 285 488 816 915 1174
293 349 469 890 906 1106
40 122 276 401 402 956
16 809 916 945 1159 1160
85 151 550 587 1007 1095
366 980 1013 1092 1113 1193
243 770 780 856 1051 1174
105 226 1060 1088 1152 1169
304 554 644 740 940 1117
260 464 849 993 1144 1178
34 450 472 507 1049 1165
452 478 949 1108 1142 1144
224 232 656 1010 1051 1072
190 292 522 824 918 959
10 69 812 959 1103 1120
213 249 815 881 963 1172
18 177 397 478 763 1108
286 353 551 1042 1192 1193
318 512 826 996 1000 1112
95 574 854 1114 1146 1160
145 471 527 850 1027 1193
734 746 776 1097 1174 1176
295 309 452 662 1021 1109
332 427 580 1051 1064 1122
60 195 404 669 928 929
236 316 520 961 971 1145
72 227 323 415 660 1127
116 732 756 910 1144 1164
56 664 742 933 1123 1175
182 431 939 1101 1103 1158
535 979 997 1028 1111 1148
13 292 376 465 663 948
7 312 428 876 1148 1182
154 248 868 893 1061 1080
552 971 987 1092 1104 1149
83 616 743 858 1169 1175
274 700 989 1022 1062 1184
176 367 401 492 1089 1139
1057 1131 1144 1179 1184 1187
63 378 546 927 989 1068
197 637 863 975 1032 1057
239 821 957 1116 1146 1167
344 349 589 1064 1091 1156
396 872 873 877 1078 1109
87 833 1040 1073 1077 1189
324 333 406 682 1034 1198
3 359 757 802 954 1076
94 148 565 805 1069 1104
192 794 898 1011 1112 1116
375 539 1038 1049 1149 1159
287 535 692 883 1145 1178
111 379 554 925 991 1140
403 786 1120 1129 1136 1187
149 185 188 542 1062 1077
339 662 706 726 876 1195
97 172 883 968 1053 1186
528 876 1001 1106 1127 1181
191 480 513 706 758 989
132 727 772 827 1128 1132
553 962 1106 1124 1159 1163
364 374 425 632 691 735
423 967 1040 1070 1071 1152
100 1005 1011 1059 1131 1192
113 389 508 1107 1133 1188
56 102 451 789 790 1062
139 556 912 1146 1167 1172
194 223 434 768 822 1109
703 894 908 997 1143 1165
161 187 448 833 990 1173
28 129 137 360 449 1019
214 402 739 900 1075 1190
115 126 345 947 1063 1079
165 200 680 926 1003 1105
175 353 381 717 758 1008
73 633 1075 1177 1181 1190
77 302 497 765 984 1108
213 253 398 811 1007 1154
22 354 818 1071 1150 1185
403 703 792 1052 1137 1189
693 845 886 901 1014 1171
108 335 788 944 1063 1186
4 211 439 461 843 1135
373 599 815 950 1104 1194
297 791 993 1070 1150 1189
36 368 462 745 998 1064
124 655 684 687 913 1157
78 685 800 914 1119 1183
303 862 868 921 1016 1132
134 291 773 832 1148 1155
569 691 922 961 966 986
103 565 919 983 1155 1176
90 183 486 748 1013 1136
6 785 937 938 948 1030
206 314 474 755 1083 1168
311 621 734 1064 1133 1193
83 609 818 1138 1185 1195
605 875 1025 1156 1162 1193
24 25 1066 1074 1096 1132
49 377 794 839 968 994
184 325 534 964 1042 1123
3 411 557 567 1022 1133
168 1060 1076 1090 1114 1171
31 160 411 575 670 784
393 669 941 1111 1132 1147
298 488 501 1004 1137 1195
832 844 1094 1097 1170 1186
219 254 679 733 1030 1137
199 434 1081 1097 1098 1099
108 117 851 904 1085 1189
189 444 515 795 1041 1085
139 211 654 848 1026 1151
149 250 391 839 1063 1092
109 553 774 879 1066 1196
19 112 1043 1176
235 483 516 915 1031 1185
1 723 844 862 887 1092
12 27 790 941 1110 1118
233 255 550 735 755 1184
101 369 587 827 1002 1109
28 322 366 451 628 1055
320 563 692 827 994 1097
654 1059 1083 1095 1132 1153
81 477 528 571 622 798
298 797 929 961 1006 1172
173 283 443 824 879 1105
143 384 475 505 1096 1111
242 771 999 1044 1080 1110
44 136 764 938 987 1059
86 903 957 1056 1066 1137
212 314 602 1048 1086 1155
265 842 924 992 1118 1152
163 495 630 820 960 1015
152 251 690 766 1012 1094
208 227 476 710 928 1190
727 791 1027 1028 1152 1186
456 614 626 722 1023 1103
4 344 506 1058
489 490 787 932 1051 1100
135 252 586 810 901 1113
567 745 911 966 1067 1098
114 336 693 856 1008 1069
156 641 1047 1061 1122 1197
223 299 365 630 1098 1117
53 89 162 952 1009 1198
817 967 976 982 1069 1145
96 410 753 756 1039 1178
454 699 826 846 857 1000
5 285 438 465 935 1029
757 1048 1064 1083 1090 1194
293 778 784 992 1141 1157
72 437 754 767 789 953
76 226 283 492 964 1031
50 485 500 799 1075 1147
313 416 608 627 753 1107
39 814 1007 1093 1101 1166
442 635 952 1023 1083 1125
75 175 179 287 663 986
649 698 914 1145 1150 1184
29 49 188 743 798 1198
524 577 786 934 1115 1191
354 808 865 928 963 995
264 542 670 782 846 1185
12 79 793 1045 1082 1127
144 526 777 1173 1181 1183
414 859 985 1067 1080 1190
191 710 834 1061 1170 1174
432 560 613 1039 1128 1173
80 632 731 898 972 1089
306 445 940 1018 1044 1143
20 220 780 814 1083 1129
145 251 397 484 493 1087
954 973 979 994 1076 1197
100 694 791 1074 1083 1146
168 340 518 869 991 1102
159 750 855 913 999 1161
129 499 533 738 771 945
762 813 1062 1144 1187 1196
475 549 881 945 1065 1080
148 356 866 895 907 1036
974 1116 1121 1124 1148 1188
25 196 536 823 861 917
418 447 514 882 1086 1183
677 804 830 1038 1124 1131
9 86 156 167 424 748
548 890 1072 1092 1174 1197
31 163 956 962 1138 1154
495 840 1034 1099 1168 1169
53 103 231 507 617 903
331 341 407 597 722 1044
161 433 479 529 760 1090
577 695 830 917 1018 1142
598 829 934 1054 1069 1182
7 119 266 343 467 642
375 650 841 976 1177 1185
18 394 487 659 1047 1054
6 347 725 995 1087 1195
82 279 918 970 1065 1156
8 525 849 1021 1084 1091
352 510 533 584 965 1068
46 58 160 631 1070 1181
66 81 132 154 1077 1079
51 217 556 964 1079 1151
216 612 831 1059 1110 1111
44 202 489 783 914 1120
591 719 1029 1054 1122 1141
777 863 920 936 1182 1196
468 592 645 677 808 1078
153 559 599 984 1022 1158
80 262 696 1026 1033 1176
559 646 724 974 977 1178
97 926 946 1087 1145 1153
71 220 807 1136 1140 1163
82 166 408 548 1064 1143
151 205 578 752 838 1134
57 121 357 406 481 1136
611 1065 1108 1119 1120 1200
193 537 777 1107 1143 1144
214 991 1082 1124 1126 1189
398 623 1121 1125 1134 1142
67 112 1057 1129 1154 1157
21 95 329 886 1091 1191
14 43 202 264 1074 1140
340 870 942 1015 1017 1032
23 158 206 388 986 1071
410 611 704 1004 1085 1168
295 461 993 1097 1152 1155
225 365 698 769 801 1129
61 383 713 767 948 1167
84 316 323 985 996 1070
425 610 947 1081 1088 1121
274 307 919 1046 1082 1157
265 471 836 1093 1169 1171
113 278 736 822 859 973
197 272 367 435 540 1135
414 422 836 995 1084 1165
269 813 902 974 1131 1162
23 196 675 1041 1056 1135
608 627 754 835 1052 1064
93 442 503 596 1006 1081
522 746 847 1082 1141 1164
118 429 1075 1108 1124 1164
170 277 380 622 672 731
356 610 857 866 1127 1193
607 854 1078 1086 1102 1169
246 263 965 987 1134 1172
430 545 600 723 1085 1181
387 736 946 1076 1181 1199
106 116 899 1038 1068 1138
162 261 543 618 936 1034
17 482 558 620 1137 1151
136 508 878 976 1053 1150
333 1055 1061 1118 1147 1197
66 446 978 1100 1150 1172
310 923 1011 1049 1113 1148
