20 832 847 991 1100 1141
90 279 298 418 545 1009
456 531 824 856 1129 1173
248 954 1061 1073 1097 1182
79 256 531 1089 1191 1194
324 380 510 633 724 1093
264 1000 1040 1091 1118 1188
241 721 741 852 858 1132
197 528 926 969 1071 1080
527 588 742 787 1159 1191
141 684 778 828 1008 1191
334 364 493 791 810 1129
102 241 654 795 953 1137
26 645 814 1011 1068 1154
52 146 268 300 603 1197
405 562 568 867 1084 1113
484 620 753 982 1073 1125
66 757 764 855 898 1056
668 711 765 994 1007 1172
619 836 843 851 1164 1190
131 448 977 1002 1103 1197
232 630 644 1020 1127 1182
126 482 741 963 1083 1168
71 403 416 711 1067 1136
132 470 1031 1066 1131 1167
202 473 638 865 1049 1133
11 220 553 841 897 1146
225 276 905 1052 1057 1121
501 920 1065 1182 1192 1198
801 953 1057 1091 1106 1115
130 1134 1148 1149 1160 1164
31 46 88 650 1029 1157
631 696 710 933 940 1143
255 411 623 921 1059 1110
105 452 1100 1114 1133 1191
883 1005 1104 1122
15 222 669 821 951 1158
127 176 490 542 1088 1196
186 355 1062 1071 1097 1183
382 457 825 904 970 1156
183 281 581 717 768 1166
233 592 835 850 994 1063
60 374 526 987 1080 1083
73 219 547 810 1132 1181
158 642 1034 1082 1118 1136
197 580 803 872 1064 1172
132 447 782 795 911 1125
44 477 914 921 927 994
23 349 886 998 1078 1184
242 874 921 1055 1126 1130
470 827 1006 1046 1088 1127
92 247 789 811 1078 1154
24 137 383 629 782 1087
239 290 563 766 806 880
94 172 301 386 1032 1133
73 233 696 712 881 1090
43 183 229 737 946 1025
64 166 502 553 1031 1072
304 494 893 959 1117 1172
17 263 291 464 517 862
880 997 1048 1119 1158 1178
738 799 812 1002 1130 1173
308 632 777 980 999 1128
231 294 558 629 1048 1084
44 387 950 1000 1074 1173
332 522 587 592 1169 1175
664 932 1013 1041 1043 1153
194 911 939 1081 1157 1166
453 513 1019 1108 1138 1139
76 108 189 296 1110 1125
532 935 964 1063 1094 1106
58 68 400 719 1039 1153
499 673 812 1092 1155 1183
396 875 1108 1161 1178 1188
763 960 991 1098 1170 1182
642 722 846 1078 1099 1175
120 164 734 799 997 1064
60 525 659 1045 1076 1197
47 236 578 691 1058 1086
208 1009 1036 1077 1174 1185
284 337 826 895 1079 1145
598 611 1022 1099 1121 1141
120 331 574 1151 1184 1198
22 181 732 799 1095 1198
125 214 284 315 521 866
53 640 739 840 881 1117
647 678 688 907 922 937
261 407 469 699 825 1139
118 351 435 863 1070 1158
54 252 682 775 851 1071
558 727 1034 1100 1125 1167
343 828 986 1074 1101 1200
16 100 304 894 1061 1132
510 815 915 1017 1069 1101
362 408 870 1059 1105 1109
80 204 404 943 1077 1092
19 556 893 1068 1083 1182
1059 1068 1075 1087 1111 1194
1038 1103 1151 1179 1187 1195
203 728 858 979 1003 1091
466 667 1007 1069 1086 1186
327 918 981 1008 1010 1192
509 788 817 892 1050 1156
366 474 518 583 755 1087
64 834 1115 1136 1157 1159
171 716 875 897 959 996
754 813 874 1087 1095 1176
54 194 370 426 1083 1164
433 815 1101 1142 1155 1181
86 257 334 667 1146 1164
621 777 1006 1074 1133 1192
321 449 458 807 1113 1170
393 846 1012 1131 1171 1174
323 354 1016 1061 1071 1148
434 569 868 1073 1153 1157
116 222 287 506 679 1127
85 268 374 695 831 1190
369 515 655 829 957 1040
143 520 884 1077 1150 1193
461 780 922 1037
10 601 720 981 1025 1190
14 488 749 1110 1141 1147
140 237 271 438 747 1001
46 556 721 789 826 1063
319 457 620 841 973 1109
154 167 240 635 1009 1105
49 245 625 878 926 1174
260 286 376 623 839 1133
188 511 735 820 859 1188
254 579 584 942 1120 1151
19 162 271 555 646 1093
48 319 1014 1036 1092 1152
493 572 1029 1159 1174 1176
29 882 1109 1152 1190 1193
809 925 982 1102 1128 1189
750 833 1076 1096 1175 1194
170 497 783 971 1135 1163
288 345 912 961 984 1078
57 293 313 662 1029 1125
84 449 670 873 913 978
491 873 877 1004 1116 1163
29 622 842 1011 1175 1182
242 434 599 625 740 792
38 134 714 780 834 1177
353 413 436 590 919 1070
30 664 750 820 968 979
119 265 539 1018 1028 1102
125 372 722 1018 1019 1059
365 469 614 863 945 962
395 641 836 915 927 1119
683 749 822 837 912 1122
357 380 1080 1091 1149 1168
230 713 1086 1130 1140 1170
33 144 755 862 870 1191
514 692 754 763 976 1116
90 235 513 830 959 1185
544 747 818 909 1136 1168
317 405 1068 1102 1168 1172
124 160 339 381 846 1155
52 982 1050 1077 1083 1155
614 634 808 1052 1161 1177
424 618 785 1045 1135 1181
793 1096 1138 1150 1171 1189
752 819 972 1021 1116 1159
158 837 1055 1107 1132 1171
133 195 216 837 1059 1163
536 551 580 1058 1090 1180
198 291 547 720 898 1105
156 357 729 778 867 1151
32 138 399 797 829 942
67 378 529 869 918 1119
217 649 836 970 993 1199
478 498 736 988 1025 1110
9 360 566 674 771 1074
45 251 314 1140 1157 1192
205 366 387 562 1149 1166
121 444 613 640 868 1179
74 192 200 272 1049 1115
53 202 1049 1070 1102 1110
34 152 210 339 705 1051
768 831 1084 1104 1127 1195
6 212 312 848 1142 1174
377 588 838 948 1003 1094
13 67 106 424 896 1183
805 859 976 1124 1168 1169
495 1104 1128 1200
107 480 738 864 1002 1128
27 55 373 421 906 1001
210 410 1044 1072 1088 1118
153 389 412 947 1162 1196
744 939 943 997 1008 1067
101 672 839 936 982 1049
227 362 661 763 980 1024
190 307 545 1015 1060 1096
105 739 988 1038 1108 1173
407 528 760 914 1150 1179
68 129 536 591 689 890
96 890 1030 1101 1150 1164
102 141 570 730 796 886
472 928 1063 1069 1113 1165
390 611 694 1027 1106 1139
126 398 610 1017 1057 1128
133 677 1112 1151 1154 1196
186 497 737 854 1039 1122
342 600 887 1118 1145 1155
234 753 817 986 1091 1137
123 489 770 1085 1110 1126
231 638 885 1082 1158 1181
340 368 442 983 1162 1175
134 285 318 768 827 1067
258 475 575 934 1056 1161
321 454 463 565 656 1192
676 776 917 1082 1085 1142
283 464 962 1003 1047 1168
28 200 209 332 916 1016
326 657 939 978 1092 1132
507 776 865 902 1108 1178
389 463 678 819 1103 1186
6 543 613 814 1090 1147
149 227 506 757 1005 1060
56 124 385 688 978 989
48 217 399 478 1021 1156
602 873 877 1021 1053 1069
104 584 726 903 949 955
492 728 810 1081 1126 1137
871 1091 1120 1147 1176 1188
34 218 246 344 966 1078
338 651 811 1090 1121 1160
385 501 602 1021 1026 1067
775 990 1056 1105 1108 1196
206 419 931 1056 1113 1181
411 702 709 969 1114 1156
422 669 840 1053 1056 1185
281 537 733 880 1087 1192
343 487 751 1097 1112 1176
61 356 666 1002 1157 1162
486 793 896 1082 1117 1130
211 461 707 740 958 1078
41 160 809 1099 1140 1148
156 431 1042 1061 1081 1152
33 577 809 1042 1049 1200
199 243 648 1012 1054 1101
237 396 699 759 869 1080
140 299 665 854 1155 1174
57 201 495 507 1043 1068
346 633 771 801 1076 1186
9 287 563 564 643 1078
131 431 757 1029 1047 1095
417 745 1024 1027 1081 1125
185 581 690 833 948 1179
71 534 756 910 1010 1185
49 278 439 509 945 1103
193 311 595 761 867 1096
329 790 996 1005 1064 1163
108 450 900 901 1084 1109
325 606 758 966 992 1141
78 348 422 537 1062 1178
355 578 596 736 876 1070
367 666 762 961 1135 1177
42 207 523 725 1040 1129
311 359 843 888 1149 1177
65 82 785 827 1086 1139
35 97 136 1196
8 240 517 874 1062 1179
43 489 617 787 818 1055
128 786 915 984 1118 1136
295 863 907 911 1159 1163
292 425 552 599 605 994
24 62 164 298 572 715
481 503 773 1047 1120 1141
265 379 420 808 1100 1171
151 686 1005 1139 1181 1196
637 715 726 841 945 1062
226 772 1033 1050 1080 1163
40 300 485 748 868 976
270 466 754 766 954 1121
179 278 346 661 931 1092
668 881 944 999 1108 1168
37 75 316 981 1153 1183
825 950 958 1104 1182 1189
425 756 1047 1057
113 189 774 1079 1176 1182
223 690 833 1094
4 167 212 518 651 1146
62 460 694 913 999 1058
460 643 924 1142 1160 1172
135 261 392 454 953 1121
479 838 882 1094 1105 1192
350 458 923 1073 1081 1098
110 178 735 770 835 1084
773 947 1063 1117 1162 1166
538 743 885 1054 1101 1124
93 484 626 1098 1127 1149
413 596 717 761 894 984
173 294 352 938 1033 1183
225 320 505 607 1106 1180
213 607 824 879 1024 1186
244 767 1148 1178 1195 1199
344 788 807 1039 1054 1122
17 69 103 707 791 885
307 523 628 951 1188 1197
247 490 777 916 970 1178
576 589 940 955 1111 1197
78 404 496 564 1107 1111
455 737 791 1044 1100 1148
25 259 567 798 1107 1162
181 378 860 995 1086 1140
491 716 734 1028 1070 1123
459 519 612 744 993 1053
481 680 878 896 1069 1096
75 340 393 499 540 975
91 275 312 622 897 1079
72 174 967 1146 1187 1195
508 738 744 1099 1110 1180
292 468 789 1152 1161 1193
66 79 535 1141 1150 1196
443 512 797 1077 1155 1163
273 583 1023 1031 1071 1123
267 282 289 630 766 1023
500 525 834 963 1055 1093
26 421 919 1020 1093 1102
76 363 647 937 995 1194
188 471 483 559 977 1154
180 402 804 877 1095 1195
84 118 299 337 907 1148
39 351 652 740 743 1131
20 515 750 753 824 1191
148 341 571 909 974 1054
144 388 427 683 770 986
143 1026 1043 1112 1127 1167
348 889 989 1035 1081 1152
359 437 876 901 1109 1186
89 224 228 297 342 974
145 310 330 964 1123 1169
96 205 215 1075 1082 1119
772 783 803 835 838 1168
18 900 903 1092 1117 1166
92 196 361 864 938 1130
830 979 1004 1073 1144 1148
418 430 710 875 1072 1143
51 252 779 892 926 932
925 930 931 1086 1143 1185
159 1088 1098 1180
88 326 465 826 1060 1158
650 653 886 1079 1102 1141
85 94 864 968 998 1026
15 548 706 719 816 899
101 899 920 1000 1149 1190
347 423 456 807 1061 1094
276 530 557 1041 1102 1139
297 446 767 930 987 1185
18 59 819 1096 1123 1174
685 849 866 980 1032 1149
322 561 790 1001 1020 1160
232 631 636 764 904 1072
718 936 940 1048 1136 1184
1 159 249 1022 1135 1186
61 440 988 1039 1066 1144
87 465 748 883 1121 1137
529 573 665 698 709 1114
42 296 590 922 1034 1098
236 773 954 1152
209 802 1010 1073 1112 1172
115 187 333 541 813 975
128 177 579 771 920 1037
731 823 1085 1093 1120 1171
58 624 891 1065 1103 1145
89 762 1089 1097 1116 1169
178 277 450 544 803 944
41 512 1036 1047 1074 1137
742 908 949 1124
55 498 543 597 1099 1111
1 414 928 1046 1066 1072
12 185 765 816 956 1170
104 324 328 541 965 1164
107 286 391 653 1057 1181
129 239 520 1018 1177 1180
269 865 1008 1015 1050 1125
573 604 798 857 1115 1131
258 301 333 372 1054 1079
148 627 637 649 830 1165
168 550 612 983 1032 1142
138 157 727 861 902 1100
150 957 1064 1146 1170 1178
429 432 609 936 1066 1197
597 793 1113 1123 1188 1190
51 752 866 882 1051 1088
154 397 451 832 1075 1113
364 391 533 794 1043 1142
36 40 86 316 855 1089
11 604 648 706 756 1154
70 905 979 1074 1088 1146
2 435 1051 1093 1138 1166
438 703 962 1089 1118 1161
99 305 567 775 895 1171
80 486 657 769 1091 1157
100 821 828 910 1061 1180
511 654 670 963 1075 1167
4 483 1051 1131 1173 1195
161 322 548 1063 1076 1156
230 306 1053 1077 1133 1176
98 444 781 1064 1150 1177
98 213 347 639 783 817
179 220 235 739 1058 1060
31 267 290 742 1156 1174
275 376 786 818 1070 1130
681 767 815 1019 1150 1161
39 551 594 983 1151 1188
759 1046 1122 1127 1144 1176
21 532 585 689 1162 1198
262 419 762 792 1050 1144
172 218 426 1107 1118 1133
74 569 947 1059 1109 1128
628 692 778 781 991 1180
423 440 760 764 1072 1160
263 442 891 935 1098 1184
365 383 774 829 844 1013
112 595 741 1117 1162 1164
27 502 850 1014 1104 1119
146 644 659 1069 1126 1152
215 250 473 749 849 1155
109 191 345 751 1015 1047
274 503 871 1047 1097 1143
7 250 259 367 1018 1169
184 379 538 1124 1147 1179
171 851 1130 1134
221 621 712 724 888 1138
361 474 708 973 1052 1079
114 169 853 1049 1151 1159
328 951 1023 1177 1184 1199
21 82 406 658 1121 1131
244 504 788 792 990 1052
32 417 990 1065 1126 1140
155 375 608 1050 1160 1198
855 857 872 958 985 1134
168 409 1066 1075 1169 1171
253 336 992 1067 1095 1145
279 760 820 1135 1137 1179
123 198 238 1122 1150 1193
918 941 998 1010 1088 1175
437 627 646 890 1022 1165
35 147 822 984 1040 1044
221 853 1017 1138 1144 1185
410 415 723 860 1006 1129
16 63 1011 1042 1083 1166
317 432 508 636 725 1059
8 163 314 369 1061 1152
2 5 30 1085 1105 1191
69 266 384 504 889 1158
77 137 488 555 681 960
582 832 902 1036 1097 1124
139 956 1087 1161 1167 1186
122 257 675 779 930 1129
238 530 701 714 748 1177
70 161 400 971 1106 1170
289 598 660 1095
139 149 765 857 1035 1165
136 277 617 732 941 1136
485 624 1012 1065 1124 1169
228 412 593 677 1143 1191
790 811 973 1048 1138 1193
606 758 967 1092 1096 1119
206 283 394 608 894 1198
248 331 414 662 761 1084
163 445 616 1003 1071 1165
204 755 804 839 870 871
270 395 639 966 1065 1154
23 254 382 552 698 1126
155 338 879 889 978 1007
111 260 315 635 674 1129
327 335 831 1000 1012 1049
91 103 121 176 1013 1179
115 806 876 1081 1084 1187
77 325 524 751 1145 1184
234 358 697 1072 1098 1198
371 429 575 652 847 1119
402 619 808 989 1024 1175
308 386 823 987 1153 1183
95 201 908 1022 1060 1153
114 269 822 840 1115 1189
83 700 960 1068 1140 1158
142 295 1048 1075 1167 1181
280 534 645 693 1044 1071
309 341 672 703 1109 1140
87 182 262 375 388 887
63 736 909 1017 1046 1060
180 192 632 812 1082 1132
83 330 745 844 850 983
93 401 472 1147 1187 1197
50 122 745 1067 1087 1103
522 797 929 944 1034 1079
199 559 691 1089 1153 1196
679 802 891 1063 1116 1162
1076 1124 1147 1170 1172 1185
805 965 996 999 1126 1186
112 165 392 682 914 1033
892 923 948 1114 1151 1159
81 448 560 660 1045 1062
214 695 844 968 1080 1104
282 533 1027 1134 1146 1183
150 1016 1097 1115 1188 1189
349 814 843 1001 1171 1194
153 353 406 539 972 1134
605 687 1089 1107 1153 1173
216 352 663 802 1027 1076
147 320 618 658 919 1190
117 251 524 587 952 1158
22 306 784 861 1007 1159
453 615 796 861 1054 1192
59 428 779 785 925 1160
496 656 684 901 917 1187
45 443 923 1020 1080 1166
111 439 594 800 1147 1164
166 577 685 904 1032 1042
7 99 219 560 686 700
273 409 847 928 934 1058
354 408 475 519 787 987
226 313 384 1054 1115 1173
72 415 879 1076 1103 1176
634 731 858 884 1116 1149
381 516 673 769 992 1113
1023 1028 1030 1041 1055 1160
47 377 687 856 1100 1139
446 800 913 995 997 1019
14 65 368 403 856 1129
187 223 549 1030 1033 1083
245 615 671 934 942 1030
211 487 912 937 1108 1154
25 196 813 872 1099 1131
1013 1056 1089 1143 1144 1187
195 285 917 985 1112 1184
36 900 993 1070 1114 1117
162 302 451 796 1045 1187
81 416 743 924 1026 1066
182 586 769 887 938 1116
390 854 985 1031 1068 1193
13 224 492 1053 1055 1184
170 253 603 705 800 988
109 191 193 482 916 941
173 335 477 589 852 1183
208 542 704 853 955 1112
903 933 971 1095 1114 1180
397 708 974 1090 1165 1195
207 452 1015 1048 1073 1104
113 264 420 798 1058 1165
119 398 436 471 733 1038
184 505 546 663 1066 1112
445 729 860 1051 1094 1178
1035 1064 1065 1099 1128 1148
363 476 990 991 1077 1157
142 280 302 713 878 1107
175 526 540 1016 1107 1167
243 479 780 862 1135 1197
169 527 655 701 795 1062
274 433 568 801 924 969
554 842 972 1038 1052 1122
266 723 816 869 1041 1106
272 427 480 500 888 1173
50 203 782 849 1009 1193
255 516 576 927 1075 1086
177 318 949 1064 1090 1111
116 794 852 884 895 952
394 565 906 1028 1057 1194
135 447 574 781 784 883
249 610 676 986 1170 1200
56 303 476 985 1074 1194
10 127 152 467 704 893
430 535 1035 1138 1145 1195
550 600 965 1011 1101 1135
165 371 616 842 992 1114
97 821 980 1090 1105 1190
38 455 805 848 935 975
356 993 1006 1051 1111 1161
303 758 806 996 1060 1175
5 462 582 697 981 1062
323 350 468 570 804 1111
373 428 823 961 1120 1123
175 229 288 908 1165 1189
28 370 609 626 932 1093
310 950 1106 1120 1132 1169
459 952 1052 1058 1069 1163
336 693 784 794 906 1194
256 494 591 702 759 956
747 776 1123 1143 1167 1193
151 174 360 462 1067 1172
246 329 964 1134 1142 1198
586 601 680 786 1057 1144
37 117 593 641 848 1050
12 95 571 752 910 1025
110 145 305 772 1048 1055
130 190 546 585 995 998
401 467 514 943 1120 1134
845 899 957 989 1052 1137
358 521 554 730 933 1065
441 557 561 774 1056 1085
106 675 1004 1082 1094 1187
157 441 859 905 1004 1145
293 566 718 977 1051 1154
309 549 671 746 898 967
