98 180 264 267 414 716
317 358 508 563 758 839
16 484 746 884 923 1010
334 481 580 631 939 1136
85 101 501 676 956 1082
281 534 553 722 843 1056
22 132 538 587 589 1179
48 53 108 306 712 972
3 257 387 560 711 813
69 350 564 596 1018 1083
57 135 196 273 327 636
4 119 426 480 761 768
227 324 606 661 906 1193
94 252 379 425 642 999
142 150 678 752 783 883
428 477 555 981 1122 1160
110 209 299 433 1121 1124
20 96 308 489 549 808
315 529 616 659 694 933
113 319 380 797 822 825
174 199 406 457 611 897
33 186 344 496 728 820
64 184 323 478 647 706
111 175 392 900 1172 1175
34 218 734 765 986 1061
318 476 675 754 799 996
112 138 331 704 824 1096
149 305 515 607 721 776
46 157 295 569 627 1050
21 221 325 845 908 1097
11 45 617 649 888 969
5 118 579 707 732 942
200 208 237 461 961 1117
12 24 27 283 953 1019
431 466 710 994 1123 1186
51 437 777 979 1022 1060
164 635 830 973 1086 1091
201 246 269 690 882 1055
188 191 335 336 435 494
18 212 386 454 520 541
40 166 653 655 866 1029
36 99 176 682 760 934
231 381 394 399 559 1030
152 416 937 959 964 1108
121 248 291 398 502 828
304 547 666 992 1008 1145
8 593 726 926 1009 1014
143 163 390 462 1129 1141
88 368 683 730 803 1004
365 471 518 832 847 982
14 90 253 285 674 917
76 375 401 663 806 860
312 314 359 388 869 952
353 485 570 793 1078 1149
543 623 657 798 1026 1070
249 339 420 546 941 954
360 509 519 599 610 804
260 374 848 898 1027 1099
622 672 910 911 938 1039
197 279 638 648 901 1085
140 156 171 185 202 576
217 469 960 1059 1076 1153
73 89 268 328 885 1169
128 229 377 385 660 865
23 222 439 441 781 796
637 654 929 1040 1080 1190
443 470 545 568 823 918
92 194 632 634 875 1037
384 600 771 890 984 1167
455 604 861 907 971 1005
158 235 445 831 837 978
82 148 811 1013 1036 1191
153 167 261 719 748 1098
182 198 241 311 858 955
68 561 891 940 1001 1063
54 277 330 397 483 1140
168 427 429 554 829 1132
93 219 272 766 968 1067
159 303 756 880 919 1066
329 347 506 578 936 1189
289 410 737 738 842 1177
226 236 770 995 1150 1158
30 65 482 537 965 1057
37 114 177 630 788 963
15 25 172 567 693 852
288 531 588 687 762 1163
210 332 412 503 527 619
66 442 468 572 645 665
417 542 817 915 1073 1173
434 510 544 920 924 1084
402 846 1042 1068 1089 1194
6 430 459 700 863 1126
129 349 463 507 862 931
115 238 352 857 892 1110
100 193 293 497 533 844
109 498 595 614 840 991
126 133 215 935 987 1000
211 382 422 574 998 1062
70 139 162 270 703 775
179 287 525 530 1023 1152
223 472 709 807 1182 1188
60 122 491 528 723 1111
326 333 695 812 1081 1168
95 320 662 743 1046 1074
178 369 644 677 714 1113
83 154 673 814 1044 1087
144 255 357 373 526 1155
278 612 667 696 713 1104
52 346 532 628 763 1034
63 116 370 1069 1161 1162
120 233 438 620 827 1127
44 548 573 853 870 1015
50 597 609 1035 1038 1198
80 664 834 957 1131 1151
9 91 274 486 927 1102
348 366 736 800 1147 1154
117 247 453 591 755 810
276 286 474 833 1048 1176
151 362 745 889 990 1105
10 679 686 717 1049 1094
67 190 444 640 702 753
124 271 294 391 432 912
259 456 517 951 1064 1112
106 424 585 691 849 980
451 558 639 651 750 790
372 448 670 932 1130 1148
49 97 452 581 757 1187
26 356 376 571 928 983
56 258 419 505 668 1142
245 409 492 550 724 950
230 254 415 786 794 1165
243 536 566 838 1031 1077
79 290 540 601 681 1043
242 302 449 557 772 1020
586 795 801 867 966 1120
102 383 458 513 626 1114
41 421 967 1032 1157 1171
250 598 705 854 1058 1166
87 343 423 740 769 1128
155 170 641 671 779 903
408 504 787 985 1181 1184
165 354 876 879 909 1200
479 516 751 948 1012 1178
307 403 565 594 685 1164
181 206 395 446 851 977
86 337 512 993 1041 1045
62 301 715 741 925 1075
189 228 266 556 818 1053
28 71 300 522 1125 1139
77 84 173 708 815 874
59 275 949 1028 1052 1156
35 292 698 792 946 970
195 378 418 652 816 1021
38 658 725 749 785 975
43 322 615 624 836 1199
234 551 887 1033 1115 1146
13 32 621 773 988 1090
107 684 764 1065 1107 1118
58 296 363 603 1092 1095
19 134 524 841 913 1134
61 256 389 413 475 802
239 393 460 944 1007 1016
340 720 881 930 1106 1183
539 582 592 618 778 1047
263 521 562 625 650 1196
131 523 921 962 1133 1170
355 735 759 878 1103 1192
216 251 450 493 744 747
316 656 697 699 877 1054
75 103 104 447 488 499
29 78 205 207 282 780
105 214 225 511 688 1003
1 220 404 436 490 894
17 310 602 868 904 958
42 187 584 689 789 821
280 284 361 405 629 733
130 313 407 893 896 1144
169 244 364 367 850 916
203 577 742 767 1109 1143
605 782 805 873 945 1093
136 160 213 411 535 1017
72 137 342 396 819 1195
309 338 487 731 1051 1088
141 608 692 914 997 1137
183 495 886 1138 1159 1197
39 125 147 583 633 899
74 341 575 718 774 826
2 123 240 351 552 739
204 465 467 613 864 989
47 55 224 265 1002 1116
31 298 464 590 835 1025
232 473 646 943 1101 1135
400 669 784 1024 1071 1185
127 727 855 895 905 1100
440 514 680 701 974 1072
146 161 262 871 1011 1119
192 345 371 729 809 872
145 643 856 1006 1079 1180
7 81 297 902 976 1174
321 500 791 859 922 947
275 388 429 534 601 1019
47 82 319 447 595 906
328 405 857 1060 1107 1130
237 368 642 749 823 1081
13 413 647 727 939 1166
285 322 487 551 904 1173
274 855 962 1002 1123 1149
212 582 669 728 867 1090
39 512 575 810 926 982
146 254 300 639 1015 1039
133 231 504 630 907 1033
458 496 729 731 739 964
51 286 297 528 564 802
456 537 660 760 978 1063
43 553 674 711 938 1121
23 587 653 662 883 979
114 242 271 619 853 1016
311 730 774 963 1062 1191
73 179 406 559 742 755
53 74 621 735 919 1092
99 107 360 768 937 1116
253 530 643 915 990 1043
183 243 346 526 932 1028
121 190 256 463 670 1072
152 245 536 1005 1025 1086
657 676 717 772 865 871
476 539 583 773 999 1103
128 316 498 781 804 848
37 87 304 603 972 1084
233 325 516 687 966 1069
119 163 277 649 1040 1148
72 340 684 875 910 1091
228 352 446 596 795 832
208 211 391 544 620 951
521 661 663 918 1132 1158
585 637 666 824 928 1141
412 525 805 808 925 946
80 272 615 700 816 894
92 109 157 188 933 1197
5 148 196 377 838 1003
150 428 510 638 1050 1087
557 597 699 843 884 1188
444 482 656 702 713 1100
347 732 815 868 968 1155
40 46 471 490 927 1139
52 164 205 276 940 995
3 161 209 758 849 1089
524 791 880 909 1127 1157
56 153 273 330 408 923
104 207 431 477 893 1164
63 217 234 259 775 924
14 68 244 701 929 1177
301 389 690 747 996 1065
1 90 187 265 645 1004
156 262 320 349 752 833
191 460 511 858 959 1153
407 437 514 1057 1110 1162
145 378 561 562 644 738
138 180 220 622 697 903
11 61 218 593 779 830
6 58 123 135 409 864
241 632 859 899 1171 1181
108 168 269 323 934 1011
201 454 706 891 1055 1150
17 67 465 485 863 1068
26 66 226 847 1099 1117
430 567 607 616 944 1080
4 18 155 397 935 1169
28 302 488 822 837 850
57 160 502 764 1027 1136
222 569 886 1101 1118 1133
393 414 547 770 1112 1187
60 111 169 174 221 869
239 344 420 472 835 896
331 455 508 522 633 1182
213 372 394 842 983 1160
131 147 324 548 917 961
32 101 203 206 422 1073
30 170 361 480 825 1152
682 715 719 726 879 955
84 432 783 840 986 1012
76 112 202 381 382 1064
31 96 672 845 877 902
176 293 363 384 599 1119
21 238 554 776 1071 1193
210 766 785 794 936 943
350 640 658 862 985 1078
305 440 800 828 957 1023
10 282 392 489 600 618
44 182 355 696 856 1180
162 532 552 611 787 1145
219 342 604 646 931 1051
303 326 353 418 610 844
126 229 343 707 1088 1200
79 334 602 679 971 994
71 484 683 793 1031 1075
580 613 820 846 965 1030
116 181 356 373 505 1128
41 94 570 606 1010 1156
354 375 709 975 1113 1179
173 367 467 1046 1095 1168
27 38 134 288 673 1035
192 665 748 807 911 1120
120 438 473 1001 1076 1161
78 198 345 364 451 970
500 757 780 1082 1138 1183
149 307 704 723 876 1176
25 137 497 573 581 1096
332 829 956 976 1032 1190
369 478 625 763 992 1109
461 716 721 724 980 1159
115 400 762 1037 1038 1085
24 142 335 811 827 1108
103 491 598 678 813 901
268 270 538 736 974 1165
45 158 452 685 718 912
139 426 531 584 612 1114
215 235 283 306 712 1048
410 434 812 1134 1143 1167
20 257 290 423 756 945
333 336 351 433 1020 1185
106 204 403 744 767 984
445 462 895 977 1041 1054
100 197 494 529 754 998
113 443 555 563 796 1163
75 295 765 797 1115 1172
36 88 144 193 383 1122
442 652 890 913 921 989
294 518 560 636 997 1196
65 260 777 809 1042 1066
278 614 803 1036 1067 1097
338 411 425 459 577 817
151 177 216 759 1000 1154
19 399 523 681 1125 1142
91 214 449 725 981 1175
125 246 450 626 841 874
436 469 677 694 771 920
81 85 132 171 374 540
98 379 624 799 819 905
2 122 166 371 513 826
143 474 629 737 873 967
154 341 565 650 740 1052
292 479 710 834 922 1059
62 189 609 671 900 1056
299 417 769 914 954 1111
95 136 329 404 578 889
468 592 654 854 882 1098
77 110 339 348 366 542
185 313 483 947 1024 1106
195 250 263 415 507 591
492 556 651 798 821 866
83 240 453 495 605 851
124 129 733 952 1029 1174
8 22 48 55 199 870
159 230 266 579 680 991
140 327 416 590 635 1058
33 89 280 439 448 634
172 317 376 648 720 786
64 509 568 659 801 908
34 50 688 789 1026 1061
29 958 973 1006 1094 1146
42 421 576 750 1194 1195
252 790 860 941 950 1131
118 255 261 623 1170 1198
69 251 503 527 617 1147
227 543 782 814 897 1126
93 318 668 686 872 930
15 127 194 545 692 892
105 395 541 664 861 960
86 279 627 655 743 1022
435 549 691 806 885 1199
493 535 693 708 753 969
165 402 608 745 1007 1009
419 571 784 788 948 1124
184 289 359 689 705 1034
236 310 734 778 818 988
390 501 589 949 1049 1129
54 466 667 887 1047 1184
35 232 296 457 470 574
59 223 284 464 558 836
102 380 486 695 1151 1186
370 396 424 761 953 1189
247 586 698 746 878 1144
70 225 291 337 358 751
312 362 1014 1070 1102 1137
175 186 588 675 722 898
9 308 385 942 1013 1044
200 258 357 386 533 993
117 167 287 566 628 1077
49 249 631 703 1093 1192
16 130 475 594 916 1074
7 309 398 401 481 1178
12 281 517 987 1105 1140
178 267 315 520 1008 1045
298 321 546 641 714 1135
441 499 792 888 1018 1079
248 387 506 550 831 1021
97 141 365 741 852 1104
264 515 572 881 1053 1083
224 314 427 519 839 1017
522 530 643 695 852 1001
179 342 468 781 838 1192
17 269 706 857 867 1166
60 480 828 859 1099 1143
40 124 279 338 558 729
478 753 910 966 1004 1134
180 608 616 683 714 1110
252 267 372 734 905 1137
138 685 700 1014 1140 1191
281 416 610 711 848 1148
91 210 443 872 931 1187
70 347 368 587 603 1042
3 30 143 541 827 1056
212 308 689 740 945 1178
11 84 388 868 1163 1186
24 580 674 809 1002 1003
343 401 495 599 650 819
262 396 470 594 791 830
18 208 328 454 735 764
71 381 394 511 543 981
88 290 640 758 820 862
83 193 378 602 902 1127
181 229 408 651 717 1180
90 310 632 644 741 1084
410 413 637 710 1151 1194
118 430 445 482 767 1098
447 498 564 661 755 1071
144 163 521 540 955 1048
51 344 504 600 698 860
153 157 280 286 749 1051
285 769 789 982 1146 1161
75 155 348 367 619 627
100 171 325 501 630 1036
389 392 419 420 431 461
97 184 331 479 1152 1155
165 258 422 458 505 1034
55 365 474 568 1032 1120
176 358 646 672 886 1059
340 382 426 508 520 842
38 72 73 167 404 806
47 101 170 631 662 941
187 354 514 545 621 929
169 569 645 675 959 1107
98 251 272 309 406 492
48 446 473 800 897 1117
248 658 738 775 864 998
499 681 687 829 1019 1195
427 433 457 583 958 1061
314 503 538 823 875 973
141 373 409 463 784 1169
127 244 334 641 803 1150
227 278 437 459 892 1093
460 639 901 921 952 988
2 213 403 513 817 1070
62 207 481 502 898 1118
126 158 239 638 732 850
707 731 914 1028 1088 1126
57 216 318 472 969 996
76 264 287 438 1052 1136
29 721 812 818 922 1193
390 705 727 849 948 954
265 383 402 512 595 1173
1 142 304 771 778 1078
103 134 456 532 605 618
313 399 466 863 883 967
35 92 517 1009 1016 1164
6 80 725 776 1029 1124
194 202 633 666 896 1105
221 356 360 665 667 1157
653 865 912 1023 1037 1043
166 255 477 694 795 802
96 423 535 574 837 1109
174 451 739 871 974 1039
386 500 690 719 787 1165
302 349 428 448 839 1138
33 231 243 257 297 555
53 270 361 591 670 923
49 159 283 497 659 754
186 266 699 733 821 1182
45 178 203 209 542 979
136 199 319 716 826 1095
44 52 123 571 606 686
614 924 999 1077 1171 1174
250 307 844 963 1160 1172
131 211 877 943 1123 1197
54 450 773 1008 1021 1072
95 444 575 887 1076 1170
121 150 357 622 987 1068
204 335 483 486 977 1067
26 249 336 369 680 1027
130 323 350 515 1091 1149
359 648 715 825 956 1154
68 106 196 436 516 704
125 156 656 668 1073 1190
524 551 780 964 1006 1096
271 333 371 411 693 1025
236 636 723 726 951 1184
78 173 316 324 531 975
27 415 554 919 1128 1185
89 226 240 376 927 1119
241 337 439 673 935 992
31 77 234 615 799 1062
20 256 703 709 856 1101
114 785 807 815 930 949
116 119 519 626 937 1022
362 379 414 546 584 1063
82 870 899 916 1047 1115
289 494 559 598 797 881
586 746 793 854 984 1153
32 228 284 352 496 1033
5 175 288 351 539 570
9 148 182 197 824 991
327 329 510 544 811 983
104 198 398 684 904 1133
230 425 469 488 730 1007
85 315 589 840 885 938
214 534 585 613 671 835
424 536 737 757 884 1086
736 878 879 946 1162 1196
4 129 377 635 647 1054
21 233 752 1045 1069 1103
8 67 81 245 993 1145
122 384 944 1041 1114 1183
528 649 701 796 950 971
301 393 816 936 962 965
50 195 777 790 970 1015
303 421 549 561 742 1024
149 355 688 913 1050 1189
151 300 375 596 782 861
493 572 712 713 995 1046
164 526 642 654 747 804
117 201 260 395 455 985
58 341 491 624 676 978
12 441 770 866 942 1074
192 909 1060 1106 1113 1156
105 191 363 577 832 1064
28 61 232 506 547 607
7 679 763 918 1026 1168
41 235 567 592 889 1139
294 391 442 762 1065 1175
86 102 132 185 317 467
46 112 678 697 947 1018
397 772 915 1055 1057 1075
292 576 692 744 882 894
74 623 628 768 880 1158
65 222 417 891 1030 1079
205 217 305 330 1010 1090
39 115 813 834 1100 1132
15 113 385 525 1031 1176
268 311 553 774 788 805
10 137 189 321 556 657
162 277 353 429 888 997
152 215 751 798 814 968
188 434 449 708 779 1089
42 107 183 242 566 593
412 452 691 841 869 986
190 453 475 523 617 1130
370 750 760 874 903 1159
110 263 552 748 989 1179
111 247 261 489 597 682
25 66 168 299 537 728
177 237 246 588 590 858
34 120 702 873 893 1092
64 147 276 601 609 1000
295 364 660 976 1094 1129
63 253 582 851 928 1135
128 745 756 940 1082 1083
22 133 432 560 847 953
108 238 322 518 629 759
440 565 612 1085 1144 1181
160 172 934 1044 1080 1102
13 14 476 810 908 960
200 462 465 487 890 939
59 69 109 259 625 765
145 579 581 1011 1053 1122
139 326 485 529 831 911
36 56 154 573 925 926
161 220 677 722 846 1200
218 306 339 471 533 853
37 146 273 562 604 855
135 219 275 766 917 980
140 405 900 907 1112 1141
23 206 346 669 1017 1188
43 225 293 743 906 1049
274 794 876 1012 1087 1097
664 801 957 1035 1058 1147
296 298 407 652 783 1177
87 418 611 845 961 1013
94 223 282 435 1038 1125
99 291 345 400 490 1121
16 19 320 366 374 1167
332 550 720 808 1005 1104
93 484 663 994 1066 1198
254 464 557 620 920 1142
79 380 563 1020 1040 1081
224 718 786 822 933 1108
312 696 724 792 833 972
507 578 761 990 1111 1131
387 527 655 895 932 1199
509 548 634 836 843 1116
