40 133 336 392 615 1095
202 510 837 880 916 1197
206 539 655 706 788 985
911 912 922 996 1167 1183
657 692 705 881 1056 1069
156 354 822 856 1022 1069
135 766 943 1096 1115 1177
204 771 978 986 1056 1112
248 339 368 633 988 1133
447 720 747 810 889 1050
293 592 698 847 1033 1165
7 288 435 848 850 1120
630 707 818 1030 1183 1191
307 532 636 858 1176 1181
358 391 735 1141 1154 1194
319 378 740 894 1047 1087
722 874 1071 1115 1127 1156
547 615 649 892 1090 1128
577 716 951 1061 1062 1132
306 781 968 1089 1164 1196
383 405 456 631 686 915
33 38 132 1062 1080 1177
51 686 876 939 1075 1101
391 815 1110 1146 1195 1199
49 356 706 798 961 1072
370 393 570 838 1052 1083
387 612 844 845 1093 1182
816 958 986 992 1092 1159
41 153 811 923 1067 1171
211 337 572 594 1142 1153
338 379 783 802 1125 1158
121 247 471 735 1032 1200
113 137 281 568 736 1005
224 369 1018 1046 1059 1069
92 145 546 769 880 1114
425 582 1011 1026 1136 1179
181 228 313 623 927 1136
53 63 831 1078 1117 1168
330 432 640 837 1036 1096
242 290 549 645 1052 1171
353 439 910 1071 1074 1181
105 294 446 493 793 1155
56 149 1133 1164 1169 1181
277 633 824 1037 1142 1195
9 662 749 758 790 1139
31 375 506 643 990 1106
52 676 871 1072 1111 1158
410 724 797 1144 1157 1192
343 423 711 770 1012 1155
194 377 429 555 918 1163
156 442 756 890 1003 1131
36 116 262 481 677 1196
139 216 358 430 514 1151
569 1060 1064 1094 1147 1175
417 676 854 902 950 1122
1 121 817 1045 1189 1196
59 112 239 522 906 1125
205 259 524 1019 1108 1153
532 678 1099 1137 1162 1192
85 529 757 1023 1105 1127
1116 1118 1121 1163 1187 1197
87 304 570 694 846 868
151 178 468 526 572 858
340 796 944 984 1015 1199
619 812 960 999 1008 1102
437 556 566 890 897 957
5 878 1028 1059 1097 1178
71 142 289 785 1025 1089
88 308 981 987 995 1196
329 332 742 1058 1085 1095
160 206 331 831 866 935
193 200 440 994 1125 1194
666 746 779 1091 1092 1138
349 552 830 852 858 1051
164 233 553 833 1019 1174
143 159 251 614 1143 1156
17 323 998 1111 1161 1168
482 622 665 890 1075 1103
401 567 778 1048 1175 1178
603 882 967 1007 1067 1180
67 591 764 816 877 1095
282 455 534 1086 1131 1149
169 643 822 861 1127 1160
58 325 462 856 869 1155
199 291 703 786 1151 1189
546 751 838 904 1149 1150
29 166 956 1100 1123 1127
246 433 780 891 1069 1083
72 146 154 346 929 943
117 138 300 444 786 1075
335 792 877 947 994 1097
563 855 1008 1053 1103 1148
124 254 261 320 1175 1186
172 721 952 1049 1088 1106
1 1018 1112 1130 1154 1182
65 684 711 919 1028 1080
823 836 851 1007 1091 1192
124 179 503 678 730 964
61 205 212 739 999 1160
155 432 609 652 761 1069
230 314 407 595 1073 1118
240 332 535 726 767 1059
331 390 736 745 803 1088
876 989 1017 1037 1099 1164
528 594 648 952 1023 1039
431 445 509 579 960 1124
207 638 688 967 1138 1188
16 870 1049 1063 1146 1154
167 318 488 699 915 1108
617 783 792 814 898 1108
66 411 549 1009 1034 1174
437 438 450 659 777 1191
201 440 620 1021 1122 1166
192 905 946 1044 1102 1165
89 397 1084 1162 1165 1185
883 1030 1060 1094 1167 1180
63 278 687 804 914 1020
258 841 903 920 1065 1068
554 800 841 863 991 1010
4 165 773 898 1178 1186
344 418 604 638 1091 1151
107 172 380 782 923 1172
1019 1051 1060 1114 1138 1182
915 928 994 1065 1119 1126
93 616 701 965 1056 1168
144 177 766 1063 1098 1170
693 760 880 1030 1033 1167
42 274 543 587 673 1159
766 1057 1093 1108 1118 1187
80 112 817 1011 1056 1098
388 738 834 939 1103 1187
163 459 521 558 579 1114
324 548 783 806 911 949
661 702 729 769 963 1128
196 347 614 963 975 1102
135 382 644 982 1043 1107
46 228 530 892
75 416 1077 1098 1111 1167
48 174 682 713 1048 1133
14 45 217 245 598 1189
83 270 475 1014 1100 1130
271 985 1111 1136 1139 1197
97 227 603 1000 1122 1193
131 309 513 687 1074 1076
415 436 508 1010 1013 1157
168 387 555 1078 1110 1184
322 355 438 445 466 981
30 941 1010 1017 1052 1053
75 845 1081 1092 1111 1131
37 73 804 916 1144 1196
578 666 980 1062 1068 1179
186 190 291 649 1004 1166
660 931 1070 1075 1116 1136
360 402 536 819 1109 1145
370 868 1020 1028 1140 1150
489 574 836 1076 1152 1184
43 66 311 566 887 1078
411 593 914 1047 1049 1053
6 59 187 356 541 1131
221 537 775 805 987 1082
226 326 680 755 983 1194
158 520 733 1070 1179 1187
210 739 796 826 1072 1078
273 446 742 860 991 1147
587 882 1084 1130 1147 1183
45 628 829 840 924 1090
199 441 807 883 1056 1138
111 396 879 988 1060 1156
234 495 886 959 962 1071
114 151 191 749 776 1159
508 606 703 901 1012 1191
57 374 500 866 934 956
7 654 1035 1082 1108 1169
38 775 892 1126 1147 1171
552 583 631 1069 1104 1189
95 287 434 755 804 1156
398 504 584 722 870 1017
188 531 909 1144
158 283 581 589 760 1100
62 363 969 1071 1122 1145
163 553 632 639 741 1037
136 434 513 888 905 999
854 878 1066 1094 1118 1141
298 334 692 697 730 1115
684 899 1059 1090 1110 1148
157 248 537 762 1051 1132
209 245 329 349 1033 1090
90 670 1085 1117 1166 1198
443 536 653 953 1002 1170
891 964 981 1054 1115 1138
278 828 988 1159 1170 1174
562 595 623 759 762 1128
243 296 616 629 791 1169
2 149 486 839 1110 1124
36 307 373 1037 1077 1130
62 431 694 738 833 1184
294 506 538 724 740 863
372 480 637 715 1029 1160
136 304 459 1029 1130 1151
351 420 530 754 859 1184
1032 1099 1114 1116 1129 1170
342 529 857 976 1188 1195
90 931 935 1100 1107 1127
141 153 533 727 829 1083
78 441 522 743 1112 1147
665 753 1045 1057 1077 1126
571 958 1015 1055 1163 1186
409 778 820 944 1109 1159
97 213 940 1061 1064 1150
128 240 861 1090 1164 1183
12 599 765 784 863 872
664 830 983 1055 1109 1192
301 816 1039 1067 1085 1150
352 602 659 1148 1174 1198
142 464 729 865 1073 1175
161 210 284 1006 1137 1148
26 324 351 800 1043 1085
409 428 979 982 1121 1129
384 551 725 989 1078 1083
394 483 790 992 1065 1112
57 108 382 608 1132 1181
161 473 948 1119 1121 1160
28 279 810 832 869 1100
807 908 1006 1120 1174 1185
10 102 422 444 1016 1097
233 905 906 958 971 1172
180 230 511 821 899 1134
236 661 954 1063 1065 1198
464 763 1038 1043 1106 1189
80 264 275 904 1039 1054
116 182 781 878 888 1197
839 1014 1032 1042 1136 1168
126 368 544 985 1031 1096
207 263 284 696 1122 1130
580 590 1009 1068 1085 1116
469 497 681 685 888 984
359 421 698 1110 1146 1168
252 297 388 885 1027 1040
99 273 561 1006 1123 1134
21 325 488 528 669 1048
242 299 336 772 941 1167
4 89 179 262 835 853
122 946 1101 1137 1158 1200
412 470 1057 1114
32 43 658 798 840 982
873 1010 1079 1097 1118 1134
168 315 641 708 753 873
34 94 745 955 1068 1173
588 895 956 1055 1111 1191
604 793 812 1009 1026 1050
348 663 772 884 909 1034
11 39 512 689 881 1175
14 16 606 824 938 1198
496 925 953 1116 1134 1193
28 101 182 932 938 1173
309 476 620 972 1058 1194
490 504 600 689 771 966
55 155 1040 1113 1131 1174
25 363 414 439 660 972
237 286 825 983 1175 1190
160 176 408 1068 1121 1154
253 389 422 467 990 1004
33 106 244 507 806 852
23 72 134 185 752 960
177 743 1099 1165 1177 1185
364 539 741 754 1041 1048
125 412 718 779 867 1140
225 942 955 998 1043 1176
461 851 1120 1162 1177 1189
126 251 455 568 1161 1178
26 35 148 312 807 1096
407 954 994 1169 1183 1185
42 622 747 1001 1149 1183
232 509 802 1119 1158 1182
31 618 645 929 952 1082
184 519 538 672 973 1193
219 241 642 930 1126 1162
693 948 1057 1087 1110 1171
235 785 797 867 1111 1176
815 859 984 1005 1022 1184
101 449 580 910 968 1083
197 498 642 785 896 1150
53 183 421 494 575 934
93 98 285 909 985 1066
352 977 1002 1036 1099 1193
276 346 399 883 1093 1116
184 365 651 855 984 1135
83 203 386 1023 1070 1145
481 808 937 1054 1055 1146
542 668 734 809 1053 1197
78 624 627 767 1185 1197
9 37 540 945 1074 1154
18 472 646 995 1105 1197
229 854 1022 1058 1083 1121
723 764 788 802 1025 1049
593 701 1088 1094 1115 1173
99 137 679 1105 1117 1171
32 119 621 712 898 1076
71 465 516 640
999 1119 1140 1142 1157 1188
130 978 986 995 1088 1151
281 362 667 762 787 969
403 523 844 930 997 1148
418 656 736 887 1113 1136
541 718 850 875 929 1045
131 484 791 919 1072 1087
95 897 1060 1177 1189 1192
133 175 341 357 922 1133
120 148 524 917 1093 1098
76 105 350 1018 1047 1132
22 426 738 1056 1156 1187
15 827 862 970 1089 1142
81 789 1035 1156 1166 1175
24 202 461 596 1144 1180
208 791 1051 1099 1125 1157
88 138 644 932 979 1047
359 376 493 837 1135 1191
115 283 521 1024 1160 1193
56 710 876 936 1016 1065
190 285 1047 1074 1132 1161
140 237 591 715 989 1160
343 389 750 987 1013 1185
426 770 824 871 1187 1195
129 967 1135 1143 1169 1181
395 953 1004 1021 1046 1127
104 189 217 252 261 1072
457 1080 1103 1188 1191 1192
178 502 719 790 1000 1105
187 757 1089 1108 1114 1200
249 525 784 901 1082 1117
193 293 919 1077 1109 1160
478 491 716 1161 1162 1190
361 402 775 882 1072 1079
141 173 921 1106 1152 1168
171 305 565 835 936 946
132 732 860 981 1004 1148
25 456 516 527 605 1157
377 517 690 842 900 1080
829 1003 1027 1104 1120 1148
11 396 527 750 826 864
571 734 1052 1065 1088 1123
115 308 745 1046 1055 1058
655 842 1025 1062 1150 1192
92 942 991 1061 1150 1180
108 302 543 815 896 1066
479 487 927 1071 1110 1145
107 345 484 881 1062 1197
292 728 1087 1093 1117 1128
68 110 333 907 1113 1144
127 782 989 1059 1102 1198
364 781 875 942 1002 1125
157 443 792 1012 1101 1167
390 596 634 913 1020 1169
348 430 545 636 1029 1172
110 111 825 940 988 1156
13 55 1002 1068 1140 1171
279 562 635 845 920 995
548 663 808 849 912 1177
8 238 1075 1113 1183 1190
576 597 962 1095 1112 1185
46 333 457 710 793 1092
159 400 559 577 1048 1089
420 720 744 1035 1047 1187
369 423 749 900 930 1141
647 914 959 963 1061 1113
208 544 805 851 1026 1162
54 196 974 1011 1141 1155
322 334 598 1081 1086 1169
19 79 575 970 1114 1125
250 341 772 1001 1061 1134
20 463 551 991 1051 1077
367 471 801 857 1104 1150
244 492 826 885 1052 1109
761 853 893 902 1033 1034
22 212 255 448 1067 1138
40 472 688 739 849 869
321 496 515 861 1151 1184
254 494 672 782 1107 1195
295 677 748 813 1050 1081
270 458 877 1125 1155 1170
215 458 618 757 887 1167
67 323 561 1120 1128 1179
130 174 974 997 1026 1074
451 759 798 821 964 1025
3 152 216 629 1129 1148
269 625 731 1084 1123 1170
139 408 933 975 1149 1179
215 239 454 823 827 1016
91 146 518 809 1097 1098
23 624 818 1021 1095 1134
183 255 1139 1141 1153 1193
134 498 683 933 1113 1143
192 224 335 450 1024 1064
514 731 947 1063 1068 1176
259 1066 1074 1092 1140 1163
175 267 338 485 801 893
3 229 400 814 1049 1050
342 558 879 966 1041 1155
339 664 774 1057 1082 1133
204 310 505 843 1128 1139
226 404 410 467 1129 1190
460 819 971 1012 1072 1161
969 1080 1107 1129 1140 1152
260 366 428 976 1100 1184
150 378 480 597 714 1179
70 866 921 996 1015 1159
505 864 920 926 1042 1188
61 64 70 319 916 1182
77 965 1015 1143 1146 1173
365 741 857 1128 1165 1178
650 713 776 1031 1137 1181
86 683 691 825 1161 1162
47 220 767 801 1054 1143
415 1075 1124 1152 1182 1196
611 756 938 1050 1094 1192
81 286 373 473 535 975
292 397 573 588 590 936
268 533 700 812 1104 1142
117 276 777 917 1081 1131
266 682 788 980 1007 1158
531 1073 1102 1162 1176 1194
102 315 610 1144 1191 1196
761 787 918 924 990 1196
218 225 328 592 786 1086
98 186 859 1003 1133 1147
173 209 497 556 630 1180
24 414 957 980 993 1054
290 303 733 778 896 1073
19 96 386 599 794 1180
85 381 495 1113 1175 1183
299 627 817 864 928 1172
463 476 511 674 1000 1078
667 705 1172 1176 1180 1198
478 789 978 1063 1101 1178
74 648 773 1013 1124 1176
948 951 1011 1050 1109 1152
300 419 557 607 1030 1040
169 417 759 847 1073 1092
433 453 702 844 1024 1079
265 746 1001 1061 1101 1151
189 1027 1090 1138 1149 1194
86 634 709 1049 1081 1178
103 662 868 1003 1066 1184
123 865 889 1099 1157 1167
436 765 832 1119 1135 1157
18 371 564 957 1006 1191
152 265 776 799 872 1042
403 465 474 743 913 1008
669 794 993 1060 1079 1149
50 272 401 740 795 1098
489 501 519 843 983 1105
103 485 691 855 1057 1173
510 972 1081 1084 1117 1176
20 371 926 1097 1135 1174
162 482 490 1008 1023 1070
448 675 709 838 1021 1174
668 1070 1073 1137 1163 1186
589 977 1051 1064 1116 1166
106 462 477 895 1105 1118
6 220 560 820 831 947
60 454 1035 1080 1170 1189
30 449 894 1058 1101 1141
94 167 374 392 773 1054
754 810 884 893 1092 1152
321 483 744 910 966 1127
12 166 353 935 1159 1186
314 625 894 1069 1096 1133
50 79 559 904 1085 1088
249 275 317 545 585 1101
51 58 586 973 1100 1155
104 164 218 819 974 1036
213 214 584 764 834 1180
357 774 879 980 1146 1190
340 393 452 554 848 937
10 842 1063 1143 1164 1181
301 742 913 945 1016 1153
214 274 1067 1085 1093 1157
466 585 865 1076 1103 1158
264 477 862 1024 1057 1122
8 73 129 145 928 1139
253 316 383 690 768 1195
195 362 646 912 1139 1198
82 427 626 850 1019 1143
2 425 903 1064 1151 1156
427 632 1058 1096 1121 1161
39 721 797 908 1118 1120
54 77 119 147 419 1165
350 827 899 917 1124 1199
361 468 681 769 978 1074
951 977 1009 1119 1134 1164
232 540 867 954 996 1052
100 154 547 737 996 1198
576 578 582 586 834 1123
143 277 1060 1086 1124 1160
381 911 1038 1089 1094 1171
231 243 1062 1131 1142 1168
114 222 885 1038 1076 1126
302 635 671 1054 1059 1132
140 287 297 600 872 932
221 288 424 641 1066 1091
150 256 398 565 875 1193
201 256 360 1097 1119 1126
125 317 507 714 1048 1084
27 429 460 758 811 1050
68 452 673 832 943 1079
602 610 768 839 1181 1186
120 257 306 737 1018 1172
520 891 1039 1145 1177 1188
870 939 945 955 976 1053
109 296 376 752 1144 1154
280 385 479 704 818 1089
263 313 746 752 979 1079
123 737 853 941 1080 1139
550 765 982 998 1055 1117
109 475 583 934 1044 1102
685 728 849 931 1161 1171
21 327 523 1031 1073 1096
122 266 320 833 986 1188
303 367 375 413 453 836
608 679 748 760 1103 1121
268 424 1064 1129 1158 1164
195 366 384 542 1042 1104
197 227 751 1084 1147 1153
13 628 707 770 1071 1182
5 671 725 1029 1044 1140
60 250 269 272 525 799
118 222 675 763 1136 1145
354 474 609 874 950 1014
744 755 944 1017 1031 1051
15 512 621 695 884 1058
100 526 823 921 1036 1086
44 569 719 923 998 1041
574 1013 1056 1070 1163 1195
52 395 601 768 808 1059
170 185 188 198 499 1130
347 573 856 987 1038 1123
889 1028 1153 1172 1188 1190
48 84 404 990 1055 1102
27 241 330 787 806 852
327 658 696 763 924 1142
492 626 873 874 997 1062
76 282 305 803 862 1200
170 344 871 886 927 1152
49 311 385 560 908 1007
518 639 699 813 821 1182
69 82 295 1087 1187 1193
191 779 1087 1091 1164 1178
246 534 751 895 925 1070
29 451 723 922 1123 1129
147 235 657 795 1166 1168
34 355 442 822 1066 1106
811 846 971 1005 1082 1115
118 231 647 940 1061 1165
756 780 1064 1079 1095 1122
750 780 1104 1152 1163 1185
814 901 1045 1049 1065 1179
267 379 613 796 1109 1166
96 563 897 1034 1112 1190
128 717 900 968 1086 1141
165 312 501 784 1135 1158
310 394 515 654 1020 1149
236 601 777 918 1005 1159
258 712 843 1047 1112 1132
162 200 435 500 1076 1115
318 607 830 933 1107 1126
35 180 337 413 637 704
316 650 726 799 1137 1177
41 181 697 925 937 1032
91 171 611 1053 1087 1170
567 652 847 1076 1081 1120
47 470 502 1078 1124 1149
399 860 1052 1071 1090 1179
65 176 581 717 846 886
87 949 973 992 1103 1163
64 198 345 605 1169 1190
612 653 747 771 795 1001
372 380 708 805 1022 1146
447 487 564 656 1165 1173
260 405 651 813 903 1186
127 840 1048 1082 1108 1145
234 238 298 962 1091 1106
144 680 992 1104 1107 1195
959 993 1014 1053 1095 1098
194 203 907 993 1044 1084
961 1000 1027 1040 1086 1088
674 848 949 950 1107 1172
469 727 732 753 906 1083
17 74 406 670 965 1091
69 406 416 902 1075 1137
223 247 328 828 1154 1186
84 223 491 503 748 789
289 486 619 695 1094 1194
499 617 758 803 979 1046
271 800 835 841 970 1166
257 557 700 926 1155 1194
44 280 517 774 1041 1154
113 211 820 828 1105 1135
219 809 961 1063 1093 1106
326 550 613 794 907 997
