1    2    3    4    5    6
7    8    9    10    11    12
13    14    15    16    17    18
19    20    21    22    23    24
25    26    27    28    29    30
31    32    33    34    35    36
37    38    39    40    41    42
43    44    45    46    47    48
49    50    51    52    53    54
55    56    57    58    59    60
61    62    63    64    65    66
67    68    69    70    71    72
73    74    75    76    77    78
79    80    81    82    83    84
85    86    87    88    89    90
91    92    93    94    95    96
97    98    99    100    101    102
103    104    105    106    107    108
109    110    111    112    113    114
115    116    117    118    119    120
121    122    123    124    125    126
127    128    129    130    131    132
133    134    135    136    137    138
139    140    141    142    143    144
145    146    147    148    149    150
151    152    153    154    155    156
157    158    159    160    161    162
163    164    165    166    167    168
169    170    171    172    173    174
175    176    177    178    179    180
181    182    183    184    185    186
187    188    189    190    191    192
193    194    195    196    197    198
199    200    201    202    203    204
205    206    207    208    209    210
211    212    213    214    215    216
217    218    219    220    221    222
223    224    225    226    227    228
229    230    231    232    233    234
235    236    237    238    239    240
241    242    243    244    245    246
247    248    249    250    251    252
253    254    255    256    257    258
259    260    261    262    263    264
265    266    267    268    269    270
271    272    273    274    275    276
277    278    279    280    281    282
283    284    285    286    287    288
289    290    291    292    293    294
295    296    297    298    299    300
301    302    303    304    305    306
307    308    309    310    311    312
313    314    315    316    317    318
319    320    321    322    323    324
325    326    327    328    329    330
331    332    333    334    335    336
337    338    339    340    341    342
343    344    345    346    347    348
349    350    351    352    353    354
355    356    357    358    359    360
361    362    363    364    365    366
367    368    369    370    371    372
373    374    375    376    377    378
379    380    381    382    383    384
385    386    387    388    389    390
391    392    393    394    395    396
397    398    399    400    401    402
403    404    405    406    407    408
409    410    411    412    413    414
415    416    417    418    419    420
421    422    423    424    425    426
427    428    429    430    431    432
433    434    435    436    437    438
439    440    441    442    443    444
445    446    447    448    449    450
451    452    453    454    455    456
457    458    459    460    461    462
463    464    465    466    467    468
469    470    471    472    473    474
475    476    477    478    479    480
481    482    483    484    485    486
487    488    489    490    491    492
493    494    495    496    497    498
499    500    501    502    503    504
505    506    507    508    509    510
511    512    513    514    515    516
517    518    519    520    521    522
523    524    525    526    527    528
529    530    531    532    533    534
535    536    537    538    539    540
541    542    543    544    545    546
547    548    549    550    551    552
553    554    555    556    557    558
559    560    561    562    563    564
565    566    567    568    569    570
571    572    573    574    575    576
577    578    579    580    581    582
583    584    585    586    587    588
589    590    591    592    593    594
595    596    597    598    599    600
601    602    603    604    605    606
607    608    609    610    611    612
613    614    615    616    617    618
619    620    621    622    623    624
625    626    627    628    629    630
631    632    633    634    635    636
637    638    639    640    641    642
643    644    645    646    647    648
649    650    651    652    653    654
655    656    657    658    659    660
661    662    663    664    665    666
667    668    669    670    671    672
673    674    675    676    677    678
679    680    681    682    683    684
685    686    687    688    689    690
691    692    693    694    695    696
697    698    699    700    701    702
703    704    705    706    707    708
709    710    711    712    713    714
715    716    717    718    719    720
721    722    723    724    725    726
727    728    729    730    731    732
733    734    735    736    737    738
739    740    741    742    743    744
745    746    747    748    749    750
751    752    753    754    755    756
757    758    759    760    761    762
763    764    765    766    767    768
769    770    771    772    773    774
775    776    777    778    779    780
781    782    783    784    785    786
787    788    789    790    791    792
793    794    795    796    797    798
799    800    801    802    803    804
805    806    807    808    809    810
811    812    813    814    815    816
817    818    819    820    821    822
823    824    825    826    827    828
829    830    831    832    833    834
835    836    837    838    839    840
841    842    843    844    845    846
847    848    849    850    851    852
853    854    855    856    857    858
859    860    861    862    863    864
865    866    867    868    869    870
871    872    873    874    875    876
877    878    879    880    881    882
883    884    885    886    887    888
889    890    891    892    893    894
895    896    897    898    899    900
901    902    903    904    905    906
907    908    909    910    911    912
913    914    915    916    917    918
919    920    921    922    923    924
925    926    927    928    929    930
931    932    933    934    935    936
937    938    939    940    941    942
943    944    945    946    947    948
949    950    951    952    953    954
955    956    957    958    959    960
961    962    963    964    965    966
967    968    969    970    971    972
973    974    975    976    977    978
979    980    981    982    983    984
985    986    987    988    989    990
991    992    993    994    995    996
997    998    999    1000    1001    1002
1003    1004    1005    1006    1007    1008
1009    1010    1011    1012    1013    1014
1015    1016    1017    1018    1019    1020
1021    1022    1023    1024    1025    1026
1027    1028    1029    1030    1031    1032
1033    1034    1035    1036    1037    1038
1039    1040    1041    1042    1043    1044
1045    1046    1047    1048    1049    1050
1051    1052    1053    1054    1055    1056
1057    1058    1059    1060    1061    1062
1063    1064    1065    1066    1067    1068
1069    1070    1071    1072    1073    1074
1075    1076    1077    1078    1079    1080
1081    1082    1083    1084    1085    1086
1087    1088    1089    1090    1091    1092
1093    1094    1095    1096    1097    1098
1099    1100    1101    1102    1103    1104
1105    1106    1107    1108    1109    1110
1111    1112    1113    1114    1115    1116
1117    1118    1119    1120    1121    1122
1123    1124    1125    1126    1127    1128
1129    1130    1131    1132    1133    1134
1135    1136    1137    1138    1139    1140
1141    1142    1143    1144    1145    1146
1147    1148    1149    1150    1151    1152
1153    1154    1155    1156    1157    1158
1159    1160    1161    1162    1163    1164
1165    1166    1167    1168    1169    1170
1171    1172    1173    1174    1175    1176
1177    1178    1179    1180    1181    1182
1183    1184    1185    1186    1187    1188
1189    1190    1191    1192    1193    1194
1195    1196    1197    1198    1199    1200
721    465    340    716    675    294
485    964    184    1026    972    180
510    271    804    775    202    1178
667    664    988    170    45    174
501    221    93    750    894    732
1115    36    227    254    338    538
416    671    591    857    606    1131
1004    782    112    1123    955    118
935    920    1101    146    615    530
833    127    90    72    1151    207
902    47    76    30    479    890
819    1152    108    233    907    1093
1197    603    231    639    862    311
437    393    823    140    676    92
1098    818    681    1129    529    709
816    27    875    58    916    1170
178    729    470    919    1091    372
498    600    1019    324    1082    427
1153    126    399    885    632    710
8    508    554    164    926    12
414    494    73    799    695    1165
71    219    548    155    471    101
801    335    115    727    997    250
142    874    790    1175    609    1038
74    1195    193    630    6    984
98    293    973    201    1071    645
242    932    1077    23    263    487
480    910    70    1177    62    900
1025    800    344    762    909    614
19    836    767    517    1051    1138
380    272    809    85    597    601
748    134    1097    370    883    232
94    623    674    197    867    652
551    488    978    562    730    452
549    11    341    468    409    447
331    1050    209    708    567    815
923    613    634    673    976    992
905    425    1032    821    1110    556
618    848    1191    394    255    181
1020    111    136    535    261    983
365    5    172    869    276    304
559    403    981    908    789    969
570    534    950    1111    953    80
625    1182    1128    829    822    433
359    1120    1156    196    469    378
360    269    228    226    305    16
1196    212    636    438    568    873
616    506    379    784    482    371
690    1099    151    1135    644    854
726    912    444    86    715    295
1006    385    884    717    17    353
46    856    362    130    432    124
191    505    566    1168    653    248
96    82    831    515    949    274
323    1139    1199    132    455    352
1030    492    846    66    842    328
218    742    544    363    342    523
665    20    779    520    54    260
892    734    911    217    22    52
412    253    243    119    778    406
592    939    757    929    25    991
1    971    650    889    441    723
1166    620    539    577    377    1174
1112    312    1009    1027    571    564
390    686    860    131    361    545
1125    319    144    79    970    737
330    1117    795    278    724    1124
448    1028    75    1193    64    1144
917    725    575    179    460    104
840    1035    374    55    1164    881
573    107    526    56    607    863
845    1079    1088    345    481    1052
995    88    291    325    4    439
898    550    1062    34    143    951
279    467    655    1134    931    659
139    791    236    1186    220    832
589    1184    648    39    719    702
828    700    57    525    419    524
631    879    1114    95    837    100
807    3    502    739    661    310
176    834    60    145    496    476
1157    239    696    660    753    1058
705    553    241    669    297    785
286    2    657    771    689    407
138    451    420    321    154    435
313    87    442    847    688    1075
418    1087    195    1127    1092    851
1029    477    758    728    267    720
918    163    167    814    763    105
555    91    924    1007    478    1172
270    593    558    135    853    334
1021    1011    1122    706    596    301
421    797    1053    203    1190    626
428    754    541    1145    308    169
740    266    698    314    855    788
453    1133    38    580    316    697
805    670    578    114    1116    633
327    922    264    861    1163    436
1180    190    10    188    1200    611
642    1059    1044    628    402    579
901    1143    802    309    533    7
1154    381    850    820    1169    563
519    518    483    493    462    1012
647    504    794    627    891    489
511    914    768    1185    24    484
662    509    925    367    466    214
1149    234    355    283    1066    299
474    817    37    965    445    827
1086    150    704    1121    246    711
1072    300    1067    546    776    838
1017    375    786    989    186    586
463    450    735    773    166    1084
1194    349    48    1001    303    595
1003    386    1141    980    461    1049
812    574    1189    1069    513    116
1142    123    329    153    612    938
29    913    962    796    1064    405
413    1041    999    904    933    1090
871    624    346    364    63    434
746    1081    224    417    1162    1014
152    1155    400    149    968    187
223    222    245    376    366    928
749    175    1187    326    798    756
165    156    826    844    392    354
281    240    531    1024    206    699
777    1018    766    680    522    617
1188    443    475    33    426    521
1100    858    602    781    122    921
512    35    998    336    731    598
1183    584    684    1140    540    89
194    1148    985    691    1171    208
987    429    182    806    277    486
120    941    1037    503    1043    339
527    284    490    1108    1040    137
1167    1046    216    168    292    430
927    410    751    106    77    793
1105    183    357    552    960    185
849    835    866    1158    320    783
1036    952    103    9    289    1015
1034    975    937    1022    865    745
1161    148    235    307    358    557
1130    714    497    160    1073    843
507    888    872    930    398    830
1055    128    32    458    936    1102
813    654    454    619    713    343
415    986    157    803    565    741
332    1192    356    1150    787    211
825    1173    404    14    1061    200
472    572    1070    67    959    280
83    275    84    464    1047    599
974    350    133    396    125    473
532    641    205    770    682    348
516    446    685    605    543    449
707    13    963    285    663    318
772    569    500    423    440    192
934    249    199    547    347    499
760    692    841    979    542    315
147    259    755    230    943    736
288    870    1118    528    1107    759
129    21    629    1181    31    373
78    906    993    687    1146    306
864    947    1113    966    895    656
886    395    679    368    764    382
1048    268    384    733    50    173
121    109    658    333    672    99
1137    622    967    40    944    388
44    495    1147    177    808    424
893    948    958    604    1095    678
961    61    1056    957    811    198
41    1063    53    1045    683    765
210    887    1119    1104    638    68
1089    649    401    42    940    1106
897    942    583    1109    204    945
590    391    18    1103    162    899
643    287    701    747    977    258
1160    59    744    1198    1010    878
876    1065    1094    882    225    28
1126    769    171    761    457    69
752    703    637    668    896    514
1132    693    738    1031    43    251
296    610    1060    1057    694    389
1083    117    273    213    49    852
397    97    1008    1013    994    1042
1068    1054    383    456    1074    608
431    158    1033    387    159    1039
337    561    1000    537    712    189
718    1016    113    256    290    229
369    780    1023    635    491    587
824    110    244    1179    1096    954
1136    1085    15    422    582    1176
161    666    1080    982    459    915
65    560    576    351    594    408
903    1005    810    956    257    102
322    141    1076    877    298    265
646    743    839    51    651    868
1159    302    990    317    581    282
946    585    588    215    238    26
880    621    859    411    640    81
262    247    1002    237    996    677
252    536    722    774    792    1078
419    535    1124    1130    910    214
373    392    545    18    462    466
689    134    798    1050    37    137
742    624    1134    473    670    948
1088    1095    617    751    220    397
494    748    390    1099    151    148
73    416    722    793    455    260
804    185    746    975    1171    460
762    1097    837    637    575    431
765    639    906    1061    8    764
420    101    1015    59    1063    225
877    486    558    443    546    327
1025    727    564    409    652    711
511    385    968    1055    642    94
789    773    1157    1002    1005    882
363    560    335    97    977    504
448    947    1067    95    1192    799
836    226    967    806    484    1070
160    859    75    60    202    457
20    1198    661    1027    863    440
923    213    576    1166    572    458
251    469    562    1017    874    530
532    528    958    943    341    1145
952    3    763    267    1159    281
1056    155    333    688    158    860
1079    633    80    300    348    1072
908    1167    602    1090    768    796
344    997    1110    201    852    246
1009    1036    1024    496    323    888
792    801    1158    587    894    903
1150    785    559    126    1032    614
911    769    1006    949    591    322
767    192    992    1039    971    674
9    955    46    942    174    880
22    627    517    184    1046    1117
714    393    364    723    470    585
579    284    677    145    926    461
869    800    667    1126    1137    666
233    625    388    950    1173    893
758    725    429    495    807    885
921    537    345    547    1062    183
144    953    1028    927    490    447
492    342    485    98    549    413
283    681    387    1033    275    239
1194    945    263    548    611    135
1054    701    38    937    132    561
127    483    879    1133    745    314
914    526    557    1132    294    641
733    1199    1112    895    935    912
1115    752    375    1139    221    1175
1177    50    754    377    720    619
991    189    493    522    538    729
366    231    974    1182    109    11
149    268    1008    604    850    918
788    672    1170    1197    1004    1043
717    980    583    818    580    1051
826    766    16    361    1049    704
552    248    759    121    1016    1105
117    985    851    422    191    48
567    438    168    797    1064    113
618    25    821    1118    63    28
695    352    1103    1144    856    646
428    1084    963    1076    540    780
1073    1136    404    1000    424    933
612    954    1034    713    512    178
753    157    1068    626    141    330
394    805    693    812    1047    743
902    401    919    1011    262    1108
787    507    175    685    664    1155
203    324    298    630    845    678
219    208    427    917    779    757
871    87    406    252    306    628
1151    114    516    978    1060    228
195    904    529    1154    829    973
925    286    280    395    480    176
96    982    36    451    1071    165
831    1168    631    200    143    347
510    475    181    987    1045    106
159    386    969    83    1186    702
257    411    1190    620    1082    638
721    421    452    287    453    108
1147    217    465    658    380    508
849    900    237    1057    313    598
996    1131    234    1042    54    550
827    1138    607    777    391    235
597    694    79    1081    99    883
1087    1092    379    332    1001    815
712    726    1    531    1093    833
896    505    718    249    680    651
444    876    193    647    441    147
84    853    1125    57    169    543
1119    279    735    445    939    199
308    1037    376    838    1183    146
320    437    1189    732    2    929
454    487    123    1102    414    994
197    697    459    1098    343    353
338    857    819    186    1176    944
277    1164    471    731    989    922
744    481    290    824    1019    786
232    331    960    981    337    629
999    1127    984    861    659    891
993    814    433    1156    995    696
1058    357    40    673    584    1188
1083    781    44    1163    605    1022
365    1181    737    813    707    715
150    582    907    524    515    1029
456    577    820    610    449    273
133    865    1044    514    536    523
710    872    962    153    794    525
154    210    990    1160    417    615
27    1041    103    760    292    858
592    224    643    590    1191    450
1196    1066    69    295    172    1007
784    578    372    91    230    17
708    1100    362    426    502    356
321    360    171    946    107    770
600    23    339    959    498    93
660    839    1120    961    1018    1121
236    334    247    312    699    49
608    166    665    771    229    841
1053    1013    212    1122    601    489
336    972    223    177    1174    634
33    613    823    832    998    930
1059    6    258    14    571    606
828    555    374    408    749    965
802    77    1149    539    1023    110
864    730    56    1096    415    423
679    256    690    1086    302    915
85    240    1142    216    501    776
791    115    1143    407    568    616
675    241    53    825    325    782
318    499    566    700    1162    1128
43    274    378    848    163    669
24    476    187    65    719    82
916    382    1026    122    1012    305
349    100    728    534    430    650
194    603    425    206    138    400
222    1113    131    976    940    436
1178    964    645    61    209    316
55    435    1161    1146    164    887
271    293    862    296    716    21
299    593    668    683    402    410
71    315    609    355    563    934
698    326    112    809    500    884
162    130    595    1074    747    1185
89    125    1148    905    446    1104
518    956    622    1123    111    266
81    878    648    12    477    842
574    13    384    1140    503    116
1078    703    899    854    795    1077
544    843    340    1048    556    1179
1014    889    1031    34    215    644
196    142    15    542    588    282
901    276    412    72    509    329
7    810    847    706    1101    102
739    772    635    1052    472    479
1035    932    297    790    1172    278
506    519    581    1021    671    868
358    488    979    565    70    870
867    774    734    439    1107    250
482    1111    621    866    317    255
881    1184    190    1193    245    396
211    90    5    10    1075    808
468    19    188    521    270    938
924    434    741    62    1038    265
78    1085    45    204    254    351
551    30    86    1080    756    1091
1195    830    32    74    289    319
1200    161    92    750    1153    259
1114    311    738    381    179    207
803    573    662    1129    724    478
370    389    873    180    76    64
303    167    1169    936    227    533
676    988    897    88    855    898
1020    41    1030    913    778    418
156    52    42    594    589    840
399    1187    301    875    692    541
328    119    136    691    709    951
684    432    513    398    682    307
68    205    970    31    586    1040
58    152    966    405    310    464
834    663    554    816    1165    653
1106    570    846    35    128    129
264    269    243    761    66    636
242    596    170    817    124    520
736    1089    775    740    1180    640
497    986    367    890    657    755
1152    304    198    120    272    261
822    29    705    309    104    139
369    623    182    238    811    1003
368    835    527    920    783    1094
383    656    140    467    1069    599
26    957    350    941    892    118
371    285    1135    359    491    1065
47    346    105    654    39    931
569    687    291    463    4    649
218    686    1116    51    1141    244
886    1010    632    909    354    553
288    173    67    253    474    655
403    442    844    928    983    1109
