77 417 539 1099 1174 1198
248 399 752 769 914 998
464 685 1013 1082 1147 1187
518 813 1059 1078 1093 1185
189 306 843 954 1076 1146
291 883 957 1031 1126 1200
58 64 102 599 700 950
48 167 423 434 711 916
224 496 519 593 789 1000
159 264 725 773 774 870
248 458 522 1089 1124 1175
286 991 1009 1039 1083 1180
83 262 598 690 831 1102
45 74 475 886 1134 1157
106 247 373 543 1016 1197
712 906 948 966 1015 1153
151 596 612 925 1135 1169
468 557 1060 1098 1159 1162
49 931 1067 1084 1088 1187
744 802 890 902 970 1065
114 237 597 867 869 1184
221 504 748 1075 1170 1177
286 376 727 1079 1126 1141
157 908 964 1003 1051 1184
329 498 747 1021 1057 1166
136 501 640 1063 1082 1098
223 990 1010 1088 1098 1188
220 762 764 879 1088 1160
67 896 942 991 1160 1198
68 497 649 766 1026 1122
536 618 1002 1028 1129 1170
381 438 454 698 783 973
86 112 757 780 1131 1164
309 421 617 652 1118 1154
140 214 589 777 1005 1175
175 626 805 1065 1147 1178
478 796 888 922 1139 1168
143 224 295 594 796 1010
283 603 618 866 1034 1065
445 681 964 1050 1092 1179
26 109 342 397 559 650
285 463 516 1054 1081 1134
176 605 849 1008 1153 1194
91 385 1136 1161 1170 1191
39 354 552 665 911 1192
30 696 847 889 996 1051
132 383 456 620 962 968
302 566 713 759 1090 1143
72 278 769 1054 1087 1094
16 238 671 1047 1149 1161
12 219 320 828 1075 1107
249 366 843 1092 1120 1127
663 827 995 1109 1125 1176
42 279 395 1104 1143 1148
358 378 891 1012 1042 1054
402 537 749 821 873 1083
697 704 743 814 842 1081
260 280 427 596 793 1038
18 364 508 614 826 1163
369 370 455 752 880 1133
11 238 784 1056 1096 1150
811 836 919 1046 1075 1077
2 615 897 989 1053 1105
288 613 714 844 953 1189
14 162 939 987 1119 1171
68 169 300 693 1078 1167
894 903 936 1010 1043 1085
648 728 954 985 989 1020
21 66 194 370 443 1113
201 657 823 872 943 1132
62 177 336 915 1135 1186
198 234 585 792 1167 1186
73 628 670 1028 1151 1167
35 134 961 1083 1107 1126
25 498 608 852 1052 1145
934 1015 1038 1060 1083 1184
3 547 578 683 1049 1095
113 537 844 1015 1137 1172
116 572 803 923 1064 1072
740 949 1087 1093 1191 1193
844 991 1084 1121 1144 1180
105 112 176 303 777 845
317 385 1085 1177
567 586 737 763 1064 1080
351 595 899 955 1047 1115
839 952 992 1094 1109 1119
480 639 976 1091 1106 1191
507 531 898 1039 1127 1165
160 751 821 1099 1118 1172
233 495 638 758 874 1181
312 524 653 753 904 1149
79 357 877 1005 1116 1135
636 818 934 1044 1108 1145
322 324 420 458 1150 1190
56 765 795 871 1037 1100
32 277 307 336 1129 1160
34 166 504 734 980 1185
213 225 406 832 960 1073
721 858 1025 1157 1162 1171
621 1072 1100 1102 1124 1195
368 457 804 976 1144 1160
15 380 785 941 999 1040
236 409 493 508 817 1044
84 136 242 497 1093 1197
126 885 1075 1085 1128 1181
138 308 477 786 819 1088
76 143 422 790 994 1143
330 535 589 679 882 1058
131 137 364 484 641 1065
37 319 966 1133 1158 1164
311 439 1081 1116 1147 1158
358 490 553 831 1153 1192
31 303 416 578 812 1161
216 517 1118 1139 1150 1155
569 737 928 1066 1079 1106
5 106 287 437 511 782
290 1079 1082 1101 1122 1156
249 828 833 956 1140 1189
182 318 893 983 1118 1160
354 492 654 952 1098 1157
435 525 953 1075 1158 1165
291 607 870 910 1045 1189
113 272 1080 1138 1182 1183
194 343 392 532 1050 1066
403 440 649 750 829 1115
544 826 913 960 1160 1179
552 986 992 1002 1042 1059
19 749 825 1152 1191 1198
735 830 955 1105 1141 1151
101 830 946 1054 1078 1137
942 972 1004 1096 1112 1192
164 384 556 878 1124 1171
328 429 482 670 1007 1111
57 374 803 823 1068 1168
5 594 865 872 955 1125
320 968 1037 1064 1141 1152
26 49 278 681 1114 1197
246 259 752 945 1102 1127
348 722 816 882 894 1047
304 684 745 861 1039 1145
1 736 1070 1073 1099 1136
164 525 904 1004 1018 1052
395 617 917 1016 1069 1136
52 292 334 601 875 978
232 293 716 895 1096 1132
137 524 705 761 943 1100
284 850 918 1073 1115 1188
43 117 466 482 1023 1034
630 1150 1163 1177
102 351 658 664 1032 1119
313 607 739 1001 1058 1195
332 563 703 775 822 1081
343 896 942 1012 1146 1178
372 718 761 781 963 1078
57 875 883 1089 1092 1185
584 807 869 1050 1107 1187
402 465 543 989 1060 1081
257 297 380 476 993 1080
103 437 536 651 738 1099
400 802 1005 1026 1117 1154
210 301 672 699 1024 1050
274 764 805 806 945 1144
311 390 953 1101 1125 1180
119 348 971 1135 1164 1189
97 388 677 1023 1128 1194
347 717 918 1124 1165 1191
644 807 988 1009 1029 1091
44 315 715 742 1050 1066
196 549 758 1081 1084 1140
23 254 499 547 967 1173
7 323 540 767 833 840
186 753 793 861 1141 1190
177 183 755 900 1003 1178
7 216 424 702 848 1187
23 298 315 384 775 1145
141 426 510 1156 1157 1192
157 188 196 1105 1179 1184
13 327 886 1022 1149 1197
17 116 720 858 1071 1118
34 180 255 361 1067 1177
728 812 1098 1113 1121 1187
565 719 727 1021 1066 1120
71 231 491 587 796 987
46 70 579 817 1004 1166
155 366 787 821 979 1105
705 1045 1078 1112 1149 1162
755 799 1111 1115 1148 1184
262 338 483 772 780 916
95 261 715 1027 1108 1129
436 724 1153 1170 1174 1179
299 433 804 1131 1142 1198
150 208 289 1064 1133 1184
229 241 306 699 1012 1091
235 407 927 975 1013 1196
163 263 304 447 868 1177
179 250 551 778 1027 1194
98 575 770 911
138 242 450 612 1156 1169
101 215 773 1074 1117 1186
24 89 512 662 842 1176
128 558 689 921 1048 1126
511 582 800 873 893 1145
271 824 922 1032 1057 1089
158 493 853 1096 1164 1188
33 788 866 879 922 1062
199 284 501 690 995 1035
227 634 1048 1152 1182 1183
220 457 648 798 1059 1183
127 637 787 906 1020 1071
14 38 593 673 1122 1180
449 668 873 1097 1104 1114
150 325 615 830 996 1103
104 610 824 938 981 1139
276 349 441 626 708 1151
486 528 620 925 964 1086
186 267 643 854 988 1058
64 363 818 954 1110 1152
398 418 1020 1021 1061 1082
89 653 959 1038 1101 1128
40 174 582 1006 1112 1120
32 410 413 1051 1142 1144
211 757 799 1077 1095 1169
174 600 878 1022 1078 1181
69 674 834 930 1033 1196
62 577 843 998 1031 1141
73 96 148 253 411 963
454 583 776 1044 1068 1178
281 687 838 1022 1030 1135
74 591 675 824 1110 1196
365 839 841 866 1066 1102
322 764 864 912 939 971
20 103 330 492 1118 1135
462 692 723 1062 1143 1185
130 185 756 767 1057 1058
115 562 784 1056 1114 1137
58 78 427 903 1040 1173
290 588 808 836 1037 1131
371 404 820 1056 1102 1155
90 190 321 464 762 1116
53 495 533 561 629 1121
647 1085 1100 1104 1113 1123
265 754 756 794 1074 1150
333 398 1119 1153 1170 1171
29 229 255 771 956 1194
259 356 761 805 1181 1185
208 917 1031 1062 1148 1196
66 178 386 652 840 1043
91 442 467 1103 1129 1143
887 999 1072 1090 1096 1142
124 592 933 1011 1149 1193
140 317 755 926 985 1136
408 425 520 556 1008 1046
863 864 927 993 1014 1048
230 574 970 1017 1091 1147
277 279 661 747 1067 1068
202 211 475 826 1120 1182
469 484 527 1132 1149 1176
327 560 814 879 1036 1086
155 350 577 988 1056 1113
760 841 1006 1094 1122 1173
22 816 926 1086 1131 1142
182 245 285 448 502 1153
158 378 801 930 981 1127
156 282 445 909 1058 1077
20 36 793 905 992 1068
227 521 665 993 1176 1200
571 623 855 1064 1132 1200
337 472 891 941 1014 1114
179 816 890 958 1056 1197
114 192 684 810 898 1132
28 38 202 682 896 1029
341 675 777 1048 1060 1163
100 529 640 801 829 902
225 355 376 853 905 983
246 344 513 534 1069 1134
430 500 506 990 1110 1129
222 476 657 695 935 1111
93 920 948 998 1103 1169
92 421 686 965 1071 1106
40 345 538 744 914 974
25 323 646 797 1100 1162
87 489 600 1055 1109 1151
21 78 522 937 1164 1165
19 70 334 350 379 1084
444 631 876 888 1094 1114
3 988 1055 1057 1076 1178
107 205 1133 1153 1177 1195
353 460 899 1073 1158 1186
65 642 722 892 1030 1070
894 970 1069 1139 1166 1172
469 707 813 856 1102 1143
212 321 717 736 1053 1105
488 545 708 935 959 1042
149 151 235 1060 1107 1131
212 239 289 374 757 1051
597 606 726 986 1054 1065
52 608 691 744 1155 1163
2 154 459 771 913 1028
367 506 855 949 1156 1162
27 294 710 851 1106 1144
131 184 197 346 389 1159
134 254 349 359 510 797
822 832 937 943 1021 1140
273 590 795 817 903 1095
55 71 375 409 1137 1190
613 862 1003 1076 1159 1170
166 394 521 940 1019 1167
485 638 794 916 1087 1183
28 915 925 1150 1161 1186
383 763 861 1035 1059 1186
51 373 754 941 1030 1114
838 952 997 1069 1152 1157
352 576 748 1168 1171 1190
54 399 694 776 897 907
1 266 417 788 1029 1164
256 266 352 702 809 1142
135 260 743 1049 1082 1165
6 72 223 456 959 1109
275 809 810 828 1013 1138
679 849 1015 1055 1063 1194
60 63 565 575 666 1049
168 645 646 786 1117 1175
122 124 425 485 486 1168
31 931 1070 1086 1111 1117
245 414 609 947 1140 1166
46 340 693 747 865 1150
24 219 544 763 800 1187
483 542 629 1051 1159 1177
860 863 996 1060 1112 1151
368 885 932 1125
569 650 947 978 1188 1190
296 391 746 781 980 1179
294 480 938 1064 1164 1170
415 557 847 1035 1048 1140
228 768 1063 1084 1108 1148
669 957 972 1048 1084 1137
422 664 858 877 1140 1191
183 187 695 1011 1040 1121
61 185 846 849 999 1180
455 587 605 782 984 1088
81 392 676 738 889 1139
339 448 642 1048 1084 1181
274 310 590 808 899 1093
412 533 655 884 1024 1199
335 576 1011 1046 1152 1165
42 331 473 740 790 1179
84 251 779 853 967 1094
228 407 555 791 980 1103
489 515 548 745 1039 1171
200 823 994 1070 1104 1123
477 674 1059 1088 1183 1196
335 523 619 885 1060 1113
318 621 659 911 1133 1145
628 689 759 1032 1041 1152
99 298 435 452 845 1151
778 791 792 1027 1087 1122
139 701 841 1103 1119 1192
770 789 808 851 921 1078
310 465 982 998 1047 1187
883 1071 1120 1128 1154 1190
175 226 917 1007 1108 1148
329 414 682 787 976 1195
87 109 881 986 1071 1083
253 302 509 656 730 867
296 731 1117 1141 1176 1194
361 610 890 966 979 1074
314 390 994 1020 1053 1192
187 261 331 580 721 1069
67 171 559 962 1091 1165
326 611 829 831 923 1155
110 474 494 604 745 1108
748 799 827 850 1153 1156
633 809 1007 1061 1091 1170
29 423 574 874 1043 1085
27 496 573 644 726 1045
660 776 797 1072 1077 1090
471 669 1094 1124 1171 1180
214 453 463 703 878 1080
616 701 982 1079 1085 1087
815 1110 1169 1179 1193 1196
386 424 836 984 1016 1054
148 161 478 852 1050 1151
163 237 401 820 854 963
111 951 1000 1095 1124 1178
147 172 250 602 1033 1154
276 419 1049 1101 1135 1199
200 713 907 913 947 1195
145 340 668 750 774 977
111 239 939 990 1053 1167
389 567 604 910 1076 1182
9 341 494 631 1061 1100
377 528 876 984 1029 1054
252 375 967 1024 1126 1174
490 530 619 647 908 1059
77 470 541 778 940 1190
337 546 581 637 725 1158
213 570 806 1005 1073 1093
270 581 914 1069 1110 1176
144 673 987 1051 1053 1198
513 516 662 788 898 1009
4 199 502 834 1117 1157
149 571 973 995 1032 1055
468 609 651 1007 1110 1113
688 692 741 1131 1154 1188
195 792 811 852 1053 1097
371 461 795 855 977 1188
8 99 312 687 820 905
153 360 704 773 1023 1070
406 800 835 999 1148 1176
105 624 1047 1079 1172 1188
198 316 659 1108 1126 1197
184 416 920 974 1112 1119
240 272 892 981 1025 1123
308 451 1018 1104 1105 1130
45 561 907 1106 1156 1195
44 269 716 1030 1075 1136
264 357 920 1080 1115 1193
401 588 1008 1070
22 88 880 944 1096 1193
481 667 847 1050 1103 1190
104 119 453 520 768 835
671 794 933 948 1061 1086
273 634 1003 1025 1149 1159
96 420 479 534 769 929
10 121 159 654 846 1046
88 192 428 512 760 1174
189 846 973 1010 1154 1172
169 333 499 839 958 1116
146 268 532 977 1123 1142
86 635 672 872 1049 1067
35 193 509 881 1097 1146
573 584 770 850 1089 1144
362 842 1062 1068 1086 1182
460 737 909 1002 1049 1154
299 784 933 1038 1123 1179
141 347 900 1059 1061 1175
300 428 931 936 1167 1184
10 85 487 958 1166 1175
667 706 758 840 1074 1099
481 500 961 1067 1134 1169
95 193 554 697 775 957
63 152 712 743 1127 1147
120 165 545 783 874 1189
123 467 606 982 1129 1134
326 387 444 555 683 1115
429 818 1070 1074 1136 1181
128 910 1035 1042 1151 1186
382 548 709 857 1148 1168
93 301 732 1132 1158 1161
614 868 1001 1017 1061 1139
130 413 602 1063 1166 1192
133 932 945 982 1167 1180
125 339 362 1109 1163 1193
771 801 819 951 979 1095
60 195 756 768 1004 1111
611 625 720 733 751 1023
82 459 887 1101 1169 1173
269 804 837 962 1036 1147
328 449 624 813 902 1009
85 221 579 1120 1189 1199
80 209 252 848 1121 1146
156 862 1052 1139 1166 1173
108 144 411 993 1014 1189
41 562 719 983 1056 1101
281 678 1041 1109 1122 1141
6 147 181 203 479 825
80 686 981 1033 1065 1171
135 170 173 1033 1034 1056
243 806 825 969 1099 1119
188 734 1052 1069 1138 1161
369 472 514 1092 1126 1155
139 1044 1110 1118 1136 1160
204 282 283 641 875 1095
55 267 388 729 741 1037
560 583 857 901 997 1125
551 969 1016 1074 1104 1194
751 856 863 1017 1091 1123
305 307 462 814 897 1159
346 382 851 912 1142 1162
123 126 736 997 1000 1062
120 355 568 753 1155 1176
107 201 529 739 1052 1053
90 991 1018 1077 1098 1131
83 598 927 1092 1112 1130
97 360 442 838 1047 1064
51 394 434 656 1052 1098
53 65 904 994 1121 1182
473 549 592 1049 1058 1185
36 129 365 396 1097 1197
488 519 790 940 987 1045
633 750 783 923 950 1196
39 167 344 418 531 1133
94 117 627 845 956 1159
217 430 680 1080
759 772 870 1088 1116 1183
168 207 240 732 880 892
363 666 985 1062 1071 1077
452 572 1043 1107 1117 1191
13 387 754 1099 1156 1167
256 353 563 564 767 1173
930 1066 1090 1138 1152 1182
367 491 663 929 1087 1107
79 265 280 432 1017 1090
789 1067 1076 1127 1128 1137
706 802 882 1063 1067 1154
625 746 772 1066 1093 1104
432 585 694 837 924 1108
50 59 603 781 971 1157
639 906 1072 1134 1186 1187
319 568 714 798 965 1051
688 1102 1130 1172 1178 1184
230 440 616 1055 1138 1158
165 233 503 718 854 1082
443 867 884 1101 1105 1196
76 393 405 749 860 889
4 110 833 1109 1125 1161
222 309 731 921 1113 1146
100 324 550 724 989 1112
125 356 397 635 696 886
43 59 160 678 780 815
146 535 586 1106 1115 1163
232 760 812 928 1086 1150
82 487 1124 1178 1185 1189
81 377 627 810 980 1014
403 738 918 926 1130 1174
142 145 515 992 1155 1188
133 400 431 436 526 919
538 554 928 946 1006 1181
332 580 791 859 932 950
207 314 1036 1076 1096 1107
527 739 881 1052 1100 1174
47 154 451 742 1128 1198
75 170 393 819 1000 1140
539 1079 1122 1164 1182 1193
288 986 1047 1073 1082 1200
241 983 1083 1121 1175 1195
630 949 1028 1055 1138 1192
410 868 960 1055 1089 1090
550 1120 1161 1162 1165 1195
15 426 742 785 848 1019
325 505 540 884 888 1022
856 936 1058 1071 1127 1166
257 441 507 735 864 1172
115 215 268 433 570 1095
190 292 372 645 1006 1097
56 263 270 379 807 891
48 503 740 901 1092 1148
37 404 857 900 1063 1090
779 811 975 979 1163 1175
293 691 887 929 1026 1072
271 518 622 779 944 1116
622 730 762 908 1093 1163
209 408 595 978 996 1160
205 461 865 912 1001 1116
18 439 658 895 946 1130
203 412 877 968 1173 1174
92 287 591 765 798 1132
98 431 938 990 1111 1175
61 405 661 685 707 1181
180 530 746 803 1068 1072
204 217 1130 1162 1180 1191
121 338 1057 1156 1173 1185
41 122 152 153 553 1026
161 297 741 835 1065 1194
132 342 915 1077 1125 1134
118 871 1062 1111 1146 1158
862 984 1001 1073 1085 1174
142 834 961 1075 1103 1144
12 345 859 934 1027 1031
542 599 711 782 974 1130
206 231 251 471 995 1137
47 564 766 901 1012 1133
69 827 909 1061 1129 1143
16 710 924 1068 1128 1183
191 643 837 1159 1169 1193
247 937 1024 1040 1074 1168
438 709 859 860 969 1002
11 181 305 558 1083 1094
54 118 723 965 1034 1041
541 660 680 985 1019 1041
514 677 876 935 1079 1149
234 236 446 972 1114 1197
75 127 450 774 924 1011
206 415 632 1025 1081 1177
9 447 766 869 1063 1087
197 785 832 951 1080 1157
108 162 173 698 729 786
178 218 226 295 815 1106
129 316 470 822 871 1147
171 172 396 466 566 1155
33 505 975 1036 1168 1172
210 419 517 655 944 997
275 474 700 733 1008 1019
30 191 526 546 632 895
446 623 1076 1145 1146 1183
50 94 243 1013 1018 1092
8 313 391 893 919 978
17 218 381 523 601 765
359 636 676 1123 1138 1168
