25 693 762 771 805 954
133 166 200 470 535 793
21 469 514 536 968 1169
45 199 406 604 932 1084
23 95 405 584 860 964
243 247 269 627 811 812
278 736 756 857 897 974
189 285 421 623 1142 1193
10 126 213 538 676 691
52 132 144 155 323 468
145 250 398 575 880 1103
70 194 225 375 401 1105
27 86 391 754 1027 1093
871 1042 1108 1114 1120 1141
15 88 268 696 1018 1076
326 522 628 813 950 1078
335 394 626 912 944 1044
165 290 354 430 704 924
256 263 356 481 1021 1134
377 381 384 610 629 863
172 431 755 768 959 998
53 274 346 523 821 1156
362 379 455 519 833 1100
140 153 288 336 472 878
476 830 834 916 937 1019
293 475 620 892 991 1000
209 284 656 889 986 1020
159 378 473 611 825 1062
111 544 555 946 969 1052
63 254 531 625 723 1082
246 376 495 619 844 923
543 688 804 842 913 1161
322 415 654 794 921 1109
220 331 786 836 1035 1089
68 201 674 819 945 1180
135 218 565 586 601 615
2 324 450 719 854 1012
255 308 361 467 706 1175
266 329 797 840 864 1073
296 302 562 747 778 1051
402 424 480 709 753 1110
1 508 526 848 858 941
177 216 566 732 886 1036
12 152 564 907 1087 1184
599 838 902 1002 1043 1150
240 350 367 416 498 749
79 114 597 608 1135 1173
7 58 212 371 668 673
167 341 456 652 713 772
39 291 518 861 935 940
20 249 339 687 851 1016
351 410 679 718 810 1122
50 54 265 547 1083 1195
300 670 703 720 815 1092
192 292 330 446 553 1130
73 221 517 1031 1101 1177
35 75 157 264 419 1040
203 314 392 672 1006 1160
96 557 560 798 1008 1074
387 545 636 837 1045 1049
151 358 497 750 1061 1106
198 251 345 806 1015 1126
59 142 929 983 1056 1072
183 207 303 820 1009 1060
359 657 790 895 1071 1187
55 214 438 730 846 1069
22 147 312 370 779 972
99 109 485 607 866 909
102 426 494 879 975 1112
121 134 332 477 1178 1186
77 117 357 738 984 1165
230 239 289 632 939 1070
150 702 767 839 979 1127
245 390 630 645 677 934
178 182 484 605 761 943
31 76 252 344 684 867
365 490 496 852 955 1176
123 444 510 567 568 1041
32 104 644 1005 1147 1182
87 184 340 777 985 1059
115 205 364 525 721 1081
162 215 397 787 942 1068
310 423 548 585 710 982
311 360 369 655 724 930
338 373 433 511 868 1086
451 686 918 1017 1090 1111
16 57 380 695 826 976
100 232 280 1007 1080 1139
17 529 809 948 952 1172
4 143 439 458 707 856
8 14 41 507 577 900
62 294 832 953 956 1050
105 224 441 742 881 1077
83 103 173 334 926 988
106 124 138 664 1128 1132
176 210 272 437 570 708
304 725 850 883 967 1048
65 295 305 532 541 680
108 253 436 666 678 765
160 206 413 483 491 520
69 501 624 640 701 960
435 727 764 1053 1058 1157
228 457 503 569 635 712
307 681 835 862 927 1063
120 179 286 527 574 977
171 759 865 936 951 1095
395 643 685 1118 1174 1190
51 355 427 649 800 1067
227 382 492 1026 1028 1115
43 408 653 872 882 1131
465 729 876 996 1064 1085
49 91 818 843 1167 1196
440 504 633 784 1039 1088
449 660 711 845 1133 1143
78 146 187 259 432 917
18 116 352 659 962 999
44 229 588 752 769 905
130 136 506 515 556 963
486 609 662 737 893 993
66 393 595 816 888 970
6 287 445 488 734 1096
93 751 785 831 1137 1164
98 113 122 248 337 573
174 226 258 281 316 757
71 82 193 542 579 582
37 581 665 896 1098 1117
92 156 262 528 814 1075
125 237 277 512 669 822
195 333 524 576 592 735
118 149 388 414 775 1001
275 462 493 648 689 841
309 487 587 590 606 1014
154 368 425 682 903 1179
131 211 554 1171 1185 1188
72 168 328 342 773 958
202 891 947 957 1144 1194
366 505 561 571 807 1189
9 40 748 1145 1158 1192
181 396 442 613 994 1136
319 412 658 911 925 1013
110 411 534 647 949 1170
47 348 372 516 746 1055
260 420 596 744 823 1099
197 550 715 915 966 1010
61 185 188 283 461 559
306 407 466 603 639 978
97 127 282 474 509 533
24 325 489 694 904 1154
38 244 758 780 869 1054
217 315 499 631 671 817
90 460 563 578 600 789
241 400 422 642 796 933
273 464 612 739 766 965
128 267 594 728 763 855
158 208 279 661 853 1097
29 236 403 637 699 981
317 353 478 808 849 1034
646 717 726 1025 1032 1129
107 327 404 885 1163 1183
13 409 434 583 1003 1125
11 222 650 781 980 997
74 349 634 683 827 961
34 454 502 641 801 1168
139 231 770 783 914 1191
180 399 700 760 1116 1124
33 112 119 129 1023 1065
60 84 417 428 621 1037
3 28 385 616 799 1153
94 301 802 1030 1038 1066
297 602 890 899 908 1149
67 101 343 479 824 859
26 85 137 321 1166 1200
141 276 667 675 690 938
546 663 714 733 782 906
513 521 598 887 1004 1148
271 363 539 873 1047 1138
161 482 549 591 740 989
170 219 257 537 745 1091
64 163 233 443 580 1104
558 828 971 992 1107 1159
19 190 614 894 1113 1140
389 459 471 722 920 1102
36 223 298 447 453 874
48 261 318 429 1121 1199
80 383 692 791 1033 1152
30 320 741 776 922 1029
175 347 386 638 973 1123
572 987 1024 1046 1057 1181
169 204 270 774 1011 1162
238 617 705 847 1094 1146
89 622 651 788 901 928
234 697 716 995 1022 1151
164 235 242 540 743 1155
186 299 313 698 792 910
191 196 618 877 931 990
81 374 452 803 898 1198
42 46 56 418 589 731
5 500 530 875 1079 1119
551 552 593 870 919 1197
148 448 463 795 829 884
274 480 658 772 813 1101
100 371 380 490 740 797
248 403 872 896 1036 1074
336 464 747 868 903 967
300 328 649 847 871 1070
42 94 199 708 753 845
289 468 623 707 794 890
205 345 609 812 888 927
568 628 697 736 763 1144
332 997 1008 1127 1156 1190
52 387 423 493 538 1177
88 219 267 567 893 938
139 353 516 531 565 900
164 535 810 829 854 1063
23 225 307 622 673 801
167 185 188 741 1136 1178
285 384 548 993 1090 1194
51 163 647 989 999 1104
28 338 592 667 910 1159
447 470 700 855 941 1044
158 522 630 819 875 969
103 275 286 314 613 712
107 196 260 994 1055 1140
213 278 306 641 789 798
116 152 410 540 583 637
105 149 324 378 587 933
47 56 479 742 780 922
121 638 643 857 984 1083
93 113 201 951 1150 1170
22 251 610 824 836 1112
156 305 411 426 779 843
79 92 438 945 1079 1098
428 517 576 616 823 1047
106 125 487 754 815 907
135 458 761 930 1053 1149
109 184 340 386 562 1015
18 291 473 611 691 714
389 498 770 809 874 1113
237 415 595 720 891 1128
425 488 530 822 1042 1105
206 301 543 594 781 990
73 144 281 364 492 664
1 137 175 624 913 1038
130 238 271 645 828 1030
119 145 211 544 564 926
2 53 421 881 1065 1088
315 363 396 457 491 863
349 424 551 675 956 1029
13 68 437 704 1117 1196
91 95 619 669 717 982
155 482 555 1094 1099 1166
461 569 919 1068 1137 1147
839 944 987 1039 1168 1171
98 234 765 935 961 1157
218 608 668 1086 1154 1179
376 832 904 948 1051 1109
4 329 448 821 1032 1091
319 335 547 652 918 1116
449 528 532 593 676 906
8 90 407 692 782 985
38 282 618 924 1016 1133
433 561 580 917 1089 1103
357 475 657 703 773 860
64 303 558 686 716 947
9 220 257 601 660 905
173 295 605 713 952 1119
82 263 459 485 852 1100
190 579 730 752 880 932
72 141 382 385 575 1193
160 465 636 650 683 1174
46 309 320 620 980 1110
5 123 379 867 1017 1066
6 87 112 327 398 529
525 527 539 688 914 1120
439 750 876 1013 1027 1114
312 326 577 589 784 1142
165 339 377 440 523 1173
445 578 640 682 726 755
169 235 366 505 835 899
202 241 777 808 877 1081
19 273 354 401 478 1135
373 402 422 495 762 1185
194 236 269 395 892 929
37 648 698 882 934 1077
245 460 560 727 842 1069
29 117 176 310 685 1071
66 441 627 718 759 879
35 239 898 971 1021 1141
96 262 292 355 1183 1187
99 367 394 429 943 1049
550 604 607 684 937 1076
264 585 806 858 873 1003
195 302 501 670 778 1035
50 347 554 804 1010 1026
256 318 520 853 1155 1161
250 417 545 870 923 1182
343 374 474 494 1028 1122
183 209 524 895 939 1092
108 223 420 653 1134 1151
3 15 244 290 856 894
222 253 325 416 689 1067
102 110 133 351 771 909
59 252 284 434 841 864
463 553 1001 1004 1057 1132
230 246 375 866 1034 1138
178 427 509 534 976 1058
181 317 606 792 958 1041
32 44 70 889 916 1082
247 348 581 795 837 946
563 793 981 1002 1012 1087
120 751 786 846 920 1115
67 171 192 287 506 571
140 500 911 953 1152 1165
280 299 413 861 1084 1085
197 408 497 921 1000 1191
16 138 331 642 699 1022
10 84 321 456 481 760
258 296 908 1005 1080 1148
224 350 388 949 1054 1123
61 86 115 709 1121 1126
400 477 992 1033 1107 1175
114 483 489 833 1139 1163
11 370 406 591 965 1031
7 533 588 790 791 830
58 243 308 471 901 1195
36 360 646 732 745 1164
26 344 356 472 678 807
191 392 467 766 955 1009
265 612 749 940 966 1075
81 242 405 418 469 1059
55 80 85 393 963 1064
65 161 227 486 635 681
14 632 655 912 974 1172
122 502 701 885 1007 1106
510 764 816 838 931 936
207 639 661 722 796 1181
20 39 346 361 614 1199
63 334 598 748 814 1200
150 316 362 443 651 1096
189 261 436 729 970 1078
76 136 294 615 715 728
57 128 193 507 590 629
83 217 671 964 1020 1056
342 412 454 515 559 840
157 231 687 735 776 1111
118 240 496 556 757 1186
208 654 818 862 887 1176
17 186 266 272 679 725
330 572 597 743 897 1093
75 233 369 499 785 886
511 662 680 706 1019 1108
104 476 705 820 851 1124
124 127 129 142 259 1043
182 255 297 696 702 1160
30 89 134 431 883 902
69 74 304 451 514 557
54 203 204 546 666 803
27 131 603 659 1048 1145
21 229 322 432 552 674
41 210 503 1014 1024 1102
78 162 293 586 746 1188
146 154 277 634 768 928
198 404 419 775 979 1073
226 566 677 756 769 1006
25 450 570 733 1118 1131
34 43 513 596 731 975
341 390 414 574 783 1184
442 484 599 625 799 1040
444 518 826 942 957 1050
45 153 174 695 738 1153
279 512 774 998 1018 1143
168 602 665 869 1162 1169
358 663 734 1037 1072 1129
77 311 323 573 968 1095
249 399 446 584 710 1061
40 383 617 831 954 1052
101 200 359 537 721 1189
33 147 151 455 825 996
298 391 504 508 744 817
368 462 719 724 802 972
159 166 180 268 337 549
31 694 711 878 962 1045
24 788 991 1011 1130 1158
519 536 805 848 988 1062
71 126 132 834 915 1146
283 333 626 800 960 1025
430 453 541 787 811 1197
254 397 631 690 986 1180
49 187 452 633 844 995
313 372 466 644 656 950
214 232 365 582 723 859
12 170 212 216 270 767
60 381 973 1023 1097 1192
97 179 228 276 959 1125
62 409 435 758 977 983
143 621 737 827 884 1198
48 215 221 542 739 978
148 521 672 865 1046 1167
352 600 693 849 850 925
111 172 177 288 526 1060
44 473 617 725 844 1170
481 517 594 822 903 1037
42 251 321 366 907 1144
381 512 757 841 910 1128
182 307 702 861 896 963
496 835 879 917 1096 1106
308 337 368 869 1031 1183
197 373 385 769 789 1151
282 290 458 814 1169 1171
577 579 824 916 1090 1172
247 397 461 803 927 1143
446 551 684 722 892 1006
241 293 420 443 708 863
188 484 575 580 634 828
54 430 622 819 973 978
412 452 655 864 923 1038
118 280 294 807 930 957
69 101 286 475 643 875
279 287 480 729 847 1190
157 465 552 605 638 1180
77 150 222 434 659 1148
1 16 51 429 616 632
97 436 669 1054 1127 1162
56 147 164 305 949 1074
356 428 623 813 870 1192
273 564 685 718 982 1043
133 400 660 700 784 1039
103 244 444 489 653 711
67 160 633 998 1052 1121
111 455 457 470 972 1023
127 128 526 761 965 1084
31 393 502 618 1072 1097
325 392 779 931 1115 1153
105 232 243 296 695 1049
313 333 409 687 843 1137
66 185 193 275 826 915
20 110 170 603 902 1034
285 323 604 680 929 950
730 733 981 1000 1118 1163
94 727 801 850 860 989
180 288 350 866 954 1005
469 498 673 707 876 1131
39 206 450 576 614 794
28 417 584 942 1081 1101
55 219 355 454 550 678
316 369 380 510 1051 1182
169 544 621 658 975 1165
37 522 601 756 859 987
183 438 561 747 886 1027
202 265 276 735 760 790
109 486 626 663 849 1048
30 590 675 796 889 1104
36 148 688 905 1129 1193
86 341 569 836 856 969
221 233 236 442 705 1088
72 363 664 967 1014 1164
46 82 121 500 837 1008
21 74 195 390 524 1056
108 120 567 701 740 1010
250 252 351 376 723 1025
226 231 234 652 921 926
24 340 640 759 922 1105
423 440 585 587 745 1069
34 283 346 792 885 898
505 726 732 785 857 1087
268 527 682 846 1035 1112
19 192 542 918 1040 1062
98 263 374 435 560 651
493 570 786 1041 1065 1174
264 426 920 1125 1140 1186
2 269 947 1103 1161 1176
35 462 698 752 764 1055
270 353 968 1007 1063 1077
106 262 572 609 670 689
776 871 1057 1085 1117 1134
260 782 800 919 933 983
176 310 387 546 853 1135
13 200 574 798 1017 1155
246 317 422 555 742 1098
223 476 556 565 791 1020
155 549 748 914 1030 1147
102 329 495 501 991 1133
174 537 712 1073 1141 1177
365 467 710 719 823 1100
10 81 515 765 881 1013
88 377 471 554 582 648
57 175 437 593 985 1095
168 398 414 433 974 997
254 739 872 904 1071 1195
354 657 816 834 1042 1093
259 538 768 842 928 986
4 425 516 650 709 1122
100 336 460 821 839 943
205 306 506 530 606 641
229 494 671 867 935 955
76 163 201 360 466 868
68 218 588 644 940 1198
17 107 117 956 1026 1033
131 227 431 541 629 771
38 399 504 676 966 1194
99 211 258 320 783 848
48 649 654 851 961 1116
25 531 563 598 1083 1089
52 75 328 407 483 1145
187 388 533 721 774 877
61 140 162 1047 1154 1175
384 411 451 763 962 1199
65 403 478 751 793 1024
126 237 402 508 620 647
331 378 762 817 873 980
91 289 491 717 753 799
45 179 518 625 932 1075
3 178 405 441 674 1003
557 619 713 754 1067 1108
59 487 535 820 911 1079
15 477 612 628 1016 1142
615 637 646 746 806 906
9 348 396 449 631 999
311 513 775 971 1045 1110
394 694 901 976 1060 1109
79 144 215 642 693 737
6 132 257 406 661 797
40 210 404 773 977 1094
62 64 138 267 545 667
143 314 370 607 645 960
242 327 521 608 1001 1132
90 573 636 691 939 948
134 277 391 532 951 1166
18 130 389 427 883 1138
159 371 589 862 958 1113
191 297 357 581 1123 1184
324 490 566 802 831 1158
104 114 154 272 878 1028
8 12 83 89 173 463
123 330 562 993 996 1019
29 135 519 662 815 941
207 326 349 543 1076 1111
22 47 186 196 529 672
60 96 679 728 743 845
167 298 408 523 924 1032
224 456 459 825 994 1064
303 361 413 804 1015 1124
249 386 736 781 818 1053
92 190 808 838 1179 1185
43 194 548 559 696 874
225 266 488 528 596 984
216 468 613 780 1078 1149
78 558 795 865 912 1021
214 235 448 668 731 1086
11 253 312 419 880 964
125 416 568 840 891 988
172 203 291 810 887 1160
379 383 778 805 946 1191
220 239 540 832 858 1167
124 208 683 934 1066 1196
26 302 364 597 925 1130
80 149 158 772 1004 1061
53 85 112 171 338 1050
343 345 395 464 600 1099
93 724 777 827 990 1011
165 181 401 829 900 1082
58 70 84 136 1059 1173
447 592 714 766 830 909
145 217 734 936 1136 1157
304 344 520 536 627 852
71 591 599 635 899 1189
73 189 204 284 665 882
432 472 692 884 1046 1091
50 240 482 525 539 703
41 439 583 595 755 1068
119 586 602 699 833 1178
230 382 720 749 812 995
49 137 271 309 362 767
499 1009 1018 1080 1139 1159
142 153 342 410 624 715
95 511 706 970 979 1168
113 156 209 681 704 945
166 198 248 677 992 1107
335 372 415 890 1150 1181
23 212 213 893 1029 1200
14 261 292 332 492 897
87 300 497 741 1114 1146
184 278 352 418 503 1036
151 359 738 908 1012 1187
32 375 630 744 750 1156
139 358 445 758 938 1092
339 474 534 547 1044 1102
161 485 895 944 1022 1120
129 146 509 666 952 1058
141 255 295 453 553 811
122 347 479 716 787 1119
177 238 256 367 770 855
5 199 299 507 656 1002
571 686 697 888 1070 1197
63 116 152 322 611 1126
115 281 319 334 424 1152
7 228 318 788 953 1188
27 421 514 610 894 959
33 578 690 809 854 937
245 274 301 315 639 913
